### CGp=(-7.500,-7.500,-1.000)     CGw=(0.000,0.000,1.000) 
0 32.153 19.500 34.546  0.90  -0.636 0.000 -0.636  31.516 19.500 33.910
0 31.516 19.500 33.910  0.00  -0.000 0.000 -0.000  31.516 19.500 33.910
1 31.516 19.500 33.910  3.43  -2.428 0.000 -2.428  29.088 19.500 31.482
3 29.088 19.500 31.482  6.22  -4.396 0.000 -4.396  24.693 19.500 27.086
3 24.693 19.500 27.086  0.00  -0.000 0.000 -0.000  24.693 19.500 27.086
1 24.693 19.500 27.086  1.01  -0.714 0.000 -0.714  23.978 19.500 26.372
#  entering Box at 0.00
0 23.978 19.500 26.372  0.00  -0.000 0.000 -0.000  23.978 19.500 26.372
32 23.978 19.500 26.372  7.60  -5.372 0.000 -5.372  18.607 19.500 21.000
57 18.607 19.500 21.000  2.26  -1.600 0.000 -1.600  17.007 19.500 19.400
# collide dist=6.99e-01
56 17.007 19.500 19.400  0.70  -0.494 0.000 -0.494  16.512 19.500 18.906
57 16.512 19.500 18.906  0.32  0.034 -0.093 -0.306  16.546 19.407 18.600
56 16.546 19.407 18.600  2.79  0.295 -0.807 -2.650  16.841 18.600 15.950
57 16.841 18.600 15.950  0.16  0.017 -0.046 -0.150  16.858 18.554 15.800
# collide dist=1.40e-01
56 16.858 18.554 15.800  0.14  0.015 -0.041 -0.133  16.873 18.514 15.667
57 16.873 18.514 15.667  0.41  -0.273 -0.290 0.096  16.600 18.224 15.763
# collide dist=7.83e-01
56 16.600 18.224 15.763  0.78  -0.521 -0.555 0.184  16.079 17.669 15.946
# collide dist=6.66e-02
55 16.079 17.669 15.946  0.07  -0.060 -0.010 0.027  16.019 17.659 15.974
# collide dist=1.71e+00
56 16.019 17.659 15.974  1.71  1.655 -0.031 0.437  17.674 17.628 16.411
57 17.674 17.628 16.411  0.41  0.090 0.072 0.389  17.765 17.700 16.800
# collide dist=2.20e+00
56 17.765 17.700 16.800  2.20  0.488 0.387 2.106  18.253 18.087 18.906
57 18.253 18.087 18.906  0.16  0.018 -0.123 -0.106  18.271 17.964 18.800
# collide dist=2.10e-01
56 18.271 17.964 18.800  0.21  0.024 -0.158 -0.136  18.295 17.806 18.664
57 18.295 17.806 18.664  0.12  -0.095 -0.009 0.071  18.200 17.796 18.735
# collide dist=5.14e-01
56 18.200 17.796 18.735  0.51  -0.411 -0.040 0.306  17.789 17.757 19.041
57 17.789 17.757 19.041  0.35  -0.189 -0.290 0.046  17.600 17.467 19.087
# collide dist=1.96e-01
56 17.600 17.467 19.087  0.20  -0.106 -0.163 0.026  17.494 17.304 19.113
57 17.494 17.304 19.113  0.15  0.106 -0.050 0.101  17.600 17.255 19.214
# collide dist=1.72e-01
56 17.600 17.255 19.214  0.17  0.118 -0.055 0.112  17.718 17.200 19.326
57 17.718 17.200 19.326  0.21  -0.046 0.200 0.017  17.671 17.400 19.343
# collide dist=3.40e-01
56 17.671 17.400 19.343  0.34  -0.077 0.331 0.028  17.595 17.731 19.371
57 17.595 17.731 19.371  0.25  -0.103 -0.025 0.229  17.492 17.706 19.600
# collide dist=3.62e-03
56 17.492 17.706 19.600  0.00  -0.001 -0.000 0.003  17.490 17.705 19.603
57 17.490 17.705 19.603  0.16  0.110 -0.104 -0.037  17.600 17.601 19.566
# collide dist=1.17e+00
56 17.600 17.601 19.566  1.17  0.825 -0.784 -0.280  18.425 16.817 19.286
57 18.425 16.817 19.286  0.21  0.175 -0.005 0.120  18.600 16.812 19.406
# collide dist=7.05e-01
56 18.600 16.812 19.406  0.70  0.581 -0.017 0.398  19.181 16.794 19.804
57 19.181 16.794 19.804  0.25  -0.181 0.002 -0.168  19.000 16.796 19.636
# collide dist=2.14e-01
56 19.000 16.796 19.636  0.21  -0.157 0.002 -0.145  18.843 16.798 19.491
57 18.843 16.798 19.491  0.30  0.031 -0.038 -0.291  18.874 16.760 19.200
# collide dist=7.71e-02
56 18.874 16.760 19.200  0.08  0.008 -0.010 -0.076  18.882 16.751 19.124
57 18.882 16.751 19.124  0.14  0.118 0.051 -0.044  19.000 16.801 19.079
# collide dist=1.32e-01
56 19.000 16.801 19.079  0.13  0.115 0.049 -0.043  19.115 16.851 19.036
57 19.115 16.851 19.036  0.43  -0.209 0.349 0.140  18.905 17.200 19.176
56 18.905 17.200 19.176  1.04  -0.505 0.843 0.337  18.400 18.043 19.513
57 18.400 18.043 19.513  0.19  -0.094 0.157 0.063  18.306 18.200 19.576
# collide dist=3.92e-02
56 18.306 18.200 19.576  0.04  -0.019 0.032 0.013  18.287 18.232 19.588
57 18.287 18.232 19.588  0.19  -0.087 -0.167 -0.038  18.200 18.065 19.550
# collide dist=3.59e-01
56 18.200 18.065 19.550  0.36  -0.162 -0.312 -0.071  18.038 17.753 19.479
57 18.038 17.753 19.479  0.19  -0.038 -0.128 0.134  18.000 17.625 19.614
# collide dist=1.73e+00
56 18.000 17.625 19.614  1.73  -0.343 -1.171 1.226  17.657 16.454 20.839
# collide dist=4.54e-02
57 17.657 16.454 20.839  0.05  0.005 0.006 -0.045  17.662 16.460 20.795
# collide dist=1.48e+00
56 17.662 16.460 20.795  1.48  0.964 0.184 1.112  18.625 16.644 21.906
57 18.625 16.644 21.906  0.19  0.175 -0.063 0.024  18.800 16.581 21.931
56 18.800 16.581 21.931  0.43  0.400 -0.145 0.056  19.200 16.436 21.987
# X=101 Y=80 Z=110
# collide dist=1.23e+00
57 19.200 16.436 21.987  1.23  1.147 -0.415 0.161  20.347 16.021 22.148
32 20.347 16.021 22.148  0.41  -0.220 -0.221 -0.263  20.127 15.800 21.885
57 20.127 15.800 21.885  1.06  -0.572 -0.575 -0.685  19.555 15.225 21.200
# collide dist=3.05e-01
56 19.555 15.225 21.200  0.30  -0.164 -0.165 -0.197  19.391 15.060 21.003
57 19.391 15.060 21.003  0.04  0.009 -0.012 -0.037  19.400 15.048 20.967
56 19.400 15.048 20.967  1.91  0.417 -0.589 -1.767  19.817 14.459 19.200
# X=111 Y=55 Z=45
# collide dist=1.31e+00
57 19.817 14.459 19.200  1.31  0.287 -0.406 -1.217  20.104 14.053 17.983
32 20.104 14.053 17.983  0.15  0.096 0.070 0.091  20.200 14.123 18.074
# X=106 Y=75 Z=96
# collide dist=1.80e-01
57 20.200 14.123 18.074  0.18  0.116 0.085 0.109  20.316 14.208 18.183
32 20.316 14.208 18.183  0.30  0.222 0.192 -0.037  20.537 14.400 18.147
# X=107 Y=75 Z=90
# collide dist=9.56e-01
57 20.537 14.400 18.147  0.96  0.717 0.621 -0.119  21.254 15.021 18.028
32 21.254 15.021 18.028  0.18  -0.064 0.170 -0.028  21.190 15.191 18.000
# X=104 Y=81 Z=89
# collide dist=2.03e-01
57 21.190 15.191 18.000  0.20  -0.071 0.188 -0.031  21.119 15.379 17.969
32 21.119 15.379 17.969  0.26  0.020 0.195 -0.169  21.140 15.574 17.800
# X=105 Y=79 Z=87
57 21.140 15.574 17.800  0.57  0.044 0.426 -0.370  21.184 16.000 17.430
32 21.184 16.000 17.430  0.00  0.000 0.000 -0.000  21.184 16.000 17.430
### escape
### CGp=(-7.000,-7.000,-1.000)     CGw=(0.000,0.000,1.000) 
0 31.799 19.000 34.899  0.90  -0.636 0.000 -0.636  31.163 19.000 34.263
1 31.163 19.000 34.263  2.80  -1.980 0.000 -1.980  29.182 19.000 32.283
1 29.182 19.000 32.283  0.00  -0.000 0.000 -0.000  29.182 19.000 32.283
3 29.182 19.000 32.283  6.85  -4.843 0.000 -4.843  24.339 19.000 27.440
3 24.339 19.000 27.440  0.00  -0.000 0.000 -0.000  24.339 19.000 27.440
1 24.339 19.000 27.440  1.01  -0.714 0.000 -0.714  23.625 19.000 26.725
1 23.625 19.000 26.725  0.00  -0.000 0.000 -0.000  23.625 19.000 26.725
#  entering Box at 0.00
0 23.625 19.000 26.725  0.00  -0.000 0.000 -0.000  23.625 19.000 26.725
32 23.625 19.000 26.725  6.97  -4.925 0.000 -4.925  18.699 19.000 21.800
# collide dist=1.53e+00
57 18.699 19.000 21.800  1.53  -1.085 0.000 -1.085  17.614 19.000 20.715
56 17.614 19.000 20.715  2.67  -2.214 1.403 0.528  15.400 20.403 21.243
# X=67 Y=108 Z=108
# collide dist=1.18e+00
57 15.400 20.403 21.243  1.18  -0.974 0.617 0.232  14.426 21.020 21.475
32 14.426 21.020 21.475  0.17  0.129 -0.074 -0.075  14.555 20.946 21.400
57 14.555 20.946 21.400  0.83  0.645 -0.370 -0.376  15.200 20.575 21.024
56 15.200 20.575 21.024  0.39  0.306 -0.175 -0.178  15.506 20.400 20.846
57 15.506 20.400 20.846  0.10  0.080 -0.046 -0.046  15.586 20.354 20.800
# collide dist=1.46e+00
56 15.586 20.354 20.800  1.46  1.130 -0.648 -0.657  16.715 19.706 20.143
57 16.715 19.706 20.143  0.27  -0.023 0.225 -0.143  16.692 19.931 20.000
56 16.692 19.931 20.000  0.08  -0.007 0.069 -0.044  16.685 20.000 19.956
# X=82 Y=106 Z=95
# collide dist=2.17e-01
57 16.685 20.000 19.956  0.22  -0.019 0.182 -0.116  16.666 20.182 19.840
32 16.666 20.182 19.840  0.39  -0.007 -0.382 0.071  16.659 19.800 19.911
57 16.659 19.800 19.911  0.20  -0.004 -0.200 0.037  16.655 19.600 19.948
# collide dist=6.08e-01
56 16.655 19.600 19.948  0.61  -0.011 -0.598 0.111  16.644 19.002 20.059
57 16.644 19.002 20.059  0.09  0.010 -0.069 -0.059  16.655 18.933 20.000
# collide dist=2.10e-01
56 16.655 18.933 20.000  0.21  0.024 -0.158 -0.136  16.678 18.775 19.864
57 16.678 18.775 19.864  0.23  -0.182 -0.018 0.136  16.496 18.758 20.000
# collide dist=5.14e-01
56 16.496 18.758 20.000  0.51  -0.411 -0.040 0.306  16.085 18.718 20.306
57 16.085 18.718 20.306  0.16  -0.085 -0.130 0.021  16.000 18.588 20.327
# collide dist=1.96e-01
56 16.000 18.588 20.327  0.20  -0.106 -0.163 0.026  15.894 18.425 20.353
35 15.894 18.425 20.353  0.08  0.054 -0.025 0.052  15.948 18.400 20.405
# collide dist=1.72e-01
56 15.948 18.400 20.405  0.17  0.118 -0.055 0.112  16.066 18.345 20.517
# collide dist=2.56e-01
57 16.066 18.345 20.517  0.26  -0.058 0.248 0.021  16.009 18.593 20.538
56 16.009 18.593 20.538  1.67  0.991 1.345 -0.027  17.000 19.938 20.511
# X=87 Y=103 Z=102
# collide dist=1.86e-01
57 17.000 19.938 20.511  0.19  0.110 0.150 -0.003  17.110 20.088 20.508
32 17.110 20.088 20.508  0.32  -0.294 -0.078 -0.108  16.816 20.010 20.400
57 16.816 20.010 20.400  0.24  -0.216 -0.057 -0.079  16.600 19.953 20.321
# collide dist=4.07e-01
56 16.600 19.953 20.321  0.41  -0.371 -0.098 -0.136  16.229 19.854 20.184
57 16.229 19.854 20.184  0.21  -0.135 0.146 -0.057  16.094 20.000 20.128
# collide dist=3.11e-01
56 16.094 20.000 20.128  0.31  -0.203 0.219 -0.085  15.891 20.219 20.042
57 15.891 20.219 20.042  0.22  -0.004 -0.219 0.008  15.887 20.000 20.050
# collide dist=8.31e-02
56 15.887 20.000 20.050  0.08  -0.002 -0.083 0.003  15.885 19.917 20.053
# collide dist=2.14e-01
57 15.885 19.917 20.053  0.21  0.004 -0.108 0.185  15.889 19.809 20.238
# collide dist=7.36e-01
56 15.889 19.809 20.238  0.74  0.078 -0.094 -0.726  15.967 19.715 19.511
57 15.967 19.715 19.511  0.13  0.076 -0.054 0.089  16.043 19.661 19.600
# collide dist=1.05e+00
56 16.043 19.661 19.600  1.05  0.620 -0.440 0.722  16.662 19.221 20.322
57 16.662 19.221 20.322  0.17  0.142 0.036 0.078  16.805 19.257 20.400
# collide dist=3.44e-01
56 16.805 19.257 20.400  0.34  0.294 0.075 0.162  17.099 19.333 20.562
57 17.099 19.333 20.562  0.38  0.100 -0.039 -0.362  17.199 19.294 20.200
56 17.199 19.294 20.200  0.83  0.220 -0.085 -0.800  17.419 19.209 19.400
57 17.419 19.209 19.400  0.09  0.023 -0.009 -0.084  17.442 19.200 19.316
56 17.442 19.200 19.316  0.75  0.197 -0.076 -0.716  17.639 19.124 18.600
# X=93 Y=93 Z=73
# collide dist=1.15e+00
57 17.639 19.124 18.600  1.15  0.303 -0.117 -1.102  17.942 19.006 17.498
32 17.942 19.006 17.498  0.11  0.058 -0.091 -0.018  18.000 18.915 17.480
# X=112 Y=59 Z=80
# collide dist=2.24e-01
57 18.000 18.915 17.480  0.22  0.118 -0.187 -0.037  18.118 18.728 17.443
32 18.118 18.728 17.443  0.21  0.136 0.026 0.157  18.254 18.754 17.600
# X=97 Y=94 Z=94
# collide dist=1.48e+00
57 18.254 18.754 17.600  1.48  0.964 0.184 1.112  19.218 18.938 18.712
32 19.218 18.938 18.712  0.41  0.382 -0.138 0.054  19.600 18.800 18.765
# X=99 Y=93 Z=93
57 19.600 18.800 18.765  0.26  0.247 -0.089 0.035  19.847 18.711 18.800
32 19.847 18.711 18.800  0.00  0.000 -0.000 0.000  19.847 18.711 18.800
### escape
### CGp=(-6.500,-6.500,-1.000)     CGw=(0.000,0.000,1.000) 
0 31.445 18.500 35.253  0.90  -0.636 0.000 -0.636  30.809 18.500 34.617
1 30.809 18.500 34.617  2.17  -1.533 0.000 -1.533  29.276 18.500 33.084
3 29.276 18.500 33.084  7.48  -5.291 0.000 -5.291  23.985 18.500 27.793
1 23.985 18.500 27.793  1.01  -0.714 0.000 -0.714  23.271 18.500 27.079
#  entering Box at 0.39
0 23.271 18.500 27.079  0.39  -0.279 0.000 -0.279  22.992 18.500 26.800
32 22.992 18.500 26.800  0.00  -0.000 0.000 -0.000  22.992 18.500 26.800
#  entering Box at 0.00
0 22.992 18.500 26.800  0.00  -0.000 0.000 -0.000  22.992 18.500 26.800
32 22.992 18.500 26.800  5.93  -4.192 0.000 -4.192  18.800 18.500 22.608
57 18.800 18.500 22.608  1.14  -0.808 0.000 -0.808  17.992 18.500 21.800
# collide dist=2.39e+00
56 17.992 18.500 21.800  2.39  -1.688 0.000 -1.688  16.304 18.500 20.112
57 16.304 18.500 20.112  0.25  -0.002 -0.234 0.088  16.302 18.266 20.200
# collide dist=3.39e-02
56 16.302 18.266 20.200  0.03  -0.000 -0.032 0.012  16.302 18.234 20.212
57 16.302 18.234 20.212  0.32  -0.261 0.166 0.062  16.040 18.400 20.274
# collide dist=1.18e+00
56 16.040 18.400 20.274  1.18  -0.974 0.617 0.232  15.066 19.017 20.506
57 15.066 19.017 20.506  0.17  0.134 -0.077 -0.078  15.200 18.940 20.429
# collide dist=2.61e+00
56 15.200 18.940 20.429  2.61  2.023 -1.161 -1.177  17.223 17.780 19.251
57 17.223 17.780 19.251  0.20  -0.029 -0.180 0.082  17.194 17.600 19.334
# collide dist=6.66e-02
56 17.194 17.600 19.334  0.07  -0.010 -0.060 0.027  17.185 17.540 19.361
57 17.185 17.540 19.361  0.15  0.146 -0.003 0.039  17.331 17.537 19.400
# collide dist=5.87e-01
56 17.331 17.537 19.400  0.59  0.567 -0.011 0.150  17.898 17.527 19.550
57 17.898 17.527 19.550  0.34  0.037 -0.327 -0.092  17.935 17.200 19.458
# collide dist=1.45e-01
56 17.935 17.200 19.458  0.15  0.016 -0.139 -0.039  17.951 17.061 19.419
57 17.951 17.061 19.419  0.11  0.049 0.007 -0.094  18.000 17.068 19.325
# collide dist=1.87e+00
56 18.000 17.068 19.325  1.87  0.868 0.121 -1.656  18.868 17.189 17.668
# X=108 Y=76 Z=85
# collide dist=7.37e-01
57 18.868 17.189 17.668  0.74  0.589 -0.424 -0.128  19.457 16.764 17.541
32 19.457 16.764 17.541  0.12  -0.118 0.036 0.011  19.339 16.800 17.552
57 19.339 16.800 17.552  0.54  -0.511 0.155 0.048  18.828 16.955 17.600
# collide dist=1.50e+00
56 18.828 16.955 17.600  1.50  -1.427 0.433 0.134  17.402 17.388 17.734
# collide dist=9.30e-02
57 17.402 17.388 17.734  0.09  0.010 0.091 0.015  17.412 17.479 17.749
# collide dist=8.87e-01
56 17.412 17.479 17.749  0.89  -0.755 0.409 -0.223  16.657 17.888 17.525
57 16.657 17.888 17.525  0.13  -0.059 0.112 -0.025  16.598 18.000 17.500
# collide dist=1.44e-01
56 16.598 18.000 17.500  0.14  -0.066 0.125 -0.028  16.532 18.125 17.471
# collide dist=2.56e-01
57 16.532 18.125 17.471  0.26  -0.058 0.248 0.021  16.475 18.373 17.493
56 16.475 18.373 17.493  1.22  0.725 0.984 -0.020  17.200 19.358 17.473
# X=89 Y=101 Z=87
# collide dist=1.86e-01
57 17.200 19.358 17.473  0.19  0.110 0.150 -0.003  17.310 19.507 17.470
32 17.310 19.507 17.470  0.21  -0.190 -0.050 -0.070  17.120 19.457 17.400
57 17.120 19.457 17.400  0.35  -0.320 -0.085 -0.118  16.800 19.372 17.282
# collide dist=4.07e-01
56 16.800 19.372 17.282  0.41  -0.371 -0.098 -0.136  16.429 19.274 17.146
57 16.429 19.274 17.146  0.18  -0.117 0.126 -0.049  16.312 19.400 17.097
# collide dist=3.11e-01
56 16.312 19.400 17.097  0.31  -0.203 0.219 -0.085  16.109 19.619 17.012
57 16.109 19.619 17.012  0.22  -0.004 -0.219 0.008  16.105 19.400 17.019
# collide dist=8.31e-02
56 16.105 19.400 17.019  0.08  -0.002 -0.083 0.003  16.103 19.317 17.022
# collide dist=2.14e-01
57 16.103 19.317 17.022  0.21  0.004 -0.108 0.185  16.107 19.209 17.207
# collide dist=7.36e-01
56 16.107 19.209 17.207  0.74  0.078 -0.094 -0.726  16.184 19.115 16.481
# collide dist=1.32e-01
57 16.184 19.115 16.481  0.13  0.078 -0.055 0.091  16.263 19.059 16.572
# collide dist=5.73e-01
56 16.263 19.059 16.572  0.57  -0.279 0.465 0.186  15.984 19.524 16.758
# collide dist=3.92e-02
57 15.984 19.524 16.758  0.04  -0.032 0.021 -0.006  15.952 19.546 16.752
# collide dist=3.03e+00
56 15.952 19.546 16.752  3.03  -1.370 -2.634 -0.598  14.581 16.912 16.153
55 14.581 16.912 16.153  0.07  0.051 -0.014 0.047  14.632 16.898 16.200
# collide dist=3.52e-01
56 14.632 16.898 16.200  0.35  0.254 -0.069 0.233  14.886 16.829 16.433
# collide dist=1.07e-01
57 14.886 16.829 16.433  0.11  -0.066 0.061 -0.059  14.821 16.890 16.374
# collide dist=6.29e-01
56 14.821 16.890 16.374  0.63  0.254 0.097 -0.567  15.074 16.987 15.807
51 15.074 16.987 15.807  0.03  -0.018 0.019 -0.007  15.056 17.006 15.800
# collide dist=2.11e-01
56 15.056 17.006 15.800  0.21  -0.140 0.148 -0.054  14.916 17.154 15.746
57 14.916 17.154 15.746  0.39  -0.100 -0.354 -0.138  14.816 16.800 15.608
# collide dist=1.23e+00
56 14.816 16.800 15.608  1.23  -0.314 -1.108 -0.433  14.501 15.692 15.174
57 14.501 15.692 15.174  0.19  -0.101 -0.102 -0.121  14.400 15.590 15.053
# collide dist=3.05e-01
56 14.400 15.590 15.053  0.30  -0.164 -0.165 -0.197  14.236 15.425 14.857
57 14.236 15.425 14.857  0.08  0.018 -0.025 -0.076  14.254 15.400 14.781
56 14.254 15.400 14.781  1.06  0.231 -0.327 -0.981  14.485 15.073 13.800
# X=83 Y=59 Z=21
# collide dist=1.31e+00
57 14.485 15.073 13.800  1.31  0.287 -0.406 -1.217  14.772 14.667 12.583
32 14.772 14.667 12.583  0.04  0.028 0.020 0.026  14.800 14.687 12.610
# collide dist=1.80e-01
57 14.800 14.687 12.610  0.18  0.116 0.085 0.109  14.916 14.772 12.719
51 14.916 14.772 12.719  0.11  0.084 0.073 -0.014  15.000 14.845 12.705
# collide dist=1.00e+00
57 15.000 14.845 12.705  1.00  0.753 0.652 -0.125  15.753 15.498 12.580
49 15.753 15.498 12.580  0.22  0.098 0.087 -0.180  15.851 15.584 12.400
# collide dist=4.90e-02
57 15.851 15.584 12.400  0.05  0.021 0.019 -0.040  15.872 15.604 12.360
49 15.872 15.604 12.360  0.11  0.002 -0.106 0.040  15.874 15.498 12.400
# collide dist=6.79e-01
57 15.874 15.498 12.400  0.68  0.011 -0.636 0.238  15.885 14.862 12.638
46 15.885 14.862 12.638  0.11  -0.039 -0.098 -0.038  15.846 14.763 12.600
# collide dist=2.38e+00
57 15.846 14.763 12.600  2.38  -0.818 -2.080 -0.810  15.028 12.684 11.790
52 15.028 12.684 11.790  0.05  -0.040 -0.025 0.010  14.987 12.659 11.800
# X=37 Y=40 Z=68
# collide dist=1.18e+00
57 14.987 12.659 11.800  1.18  -0.981 -0.603 0.241  14.007 12.056 12.041
32 14.007 12.056 12.041  0.19  0.038 -0.090 0.159  14.045 11.966 12.200
# collide dist=1.28e+00
57 14.045 11.966 12.200  1.28  0.262 -0.617 1.086  14.307 11.348 13.286
56 14.307 11.348 13.286  0.17  0.133 0.052 0.095  14.440 11.400 13.381
# collide dist=1.14e+00
57 14.440 11.400 13.381  1.14  0.884 0.344 0.631  15.324 11.744 14.012
# collide dist=2.03e-01
56 15.324 11.744 14.012  0.20  -0.139 -0.111 0.099  15.186 11.633 14.111
# X=97 Y=91 Z=67
# collide dist=3.66e+00
57 15.186 11.633 14.111  3.66  1.978 3.070 -0.267  17.164 14.703 13.844
32 17.164 14.703 13.844  0.28  -0.132 -0.059 -0.244  17.031 14.644 13.600
# collide dist=1.43e+00
57 17.031 14.644 13.600  1.43  -0.668 -0.299 -1.230  16.363 14.345 12.370
52 16.363 14.345 12.370  0.10  -0.052 0.055 0.071  16.311 14.400 12.442
# collide dist=1.93e-01
57 16.311 14.400 12.442  0.19  -0.096 0.102 0.133  16.215 14.502 12.574
51 16.215 14.502 12.574  0.39  0.385 0.081 -0.022  16.600 14.584 12.552
# X=110 Y=78 Z=61
# collide dist=1.04e+00
57 16.600 14.584 12.552  1.04  1.020 0.215 -0.058  17.620 14.799 12.495
32 17.620 14.799 12.495  0.18  -0.041 -0.139 0.105  17.579 14.660 12.600
# collide dist=2.45e+00
57 17.579 14.660 12.600  2.45  -0.559 -1.896 1.440  17.020 12.764 14.040
56 17.020 12.764 14.040  0.10  -0.004 0.095 -0.040  17.016 12.859 14.000
# collide dist=1.04e+00
57 17.016 12.859 14.000  1.04  -0.037 0.955 -0.403  16.979 13.814 13.597
49 16.979 13.814 13.597  0.03  0.022 -0.012 0.003  17.001 13.803 13.600
# X=114 Y=53 Z=72
# collide dist=2.47e+00
57 17.001 13.803 13.600  2.47  2.176 -1.127 0.313  19.178 12.676 13.913
32 19.178 12.676 13.913  0.23  0.022 0.228 -0.001  19.200 12.903 13.912
# X=98 Y=91 Z=69
# collide dist=1.31e+00
57 19.200 12.903 13.912  1.31  0.128 1.299 -0.004  19.328 14.202 13.908
32 19.328 14.202 13.908  0.31  0.072 0.302 -0.037  19.400 14.504 13.871
# X=101 Y=89 Z=67
# collide dist=3.99e-01
57 19.400 14.504 13.871  0.40  0.092 0.386 -0.047  19.492 14.890 13.823
32 19.492 14.890 13.823  0.14  -0.066 0.110 -0.048  19.426 15.000 13.775
# X=83 Y=98 Z=58
# collide dist=4.67e-01
57 19.426 15.000 13.775  0.47  -0.225 0.375 -0.164  19.201 15.375 13.611
32 19.201 15.375 13.611  0.30  -0.181 -0.175 0.167  19.020 15.200 13.778
# collide dist=4.65e-01
57 19.020 15.200 13.778  0.46  -0.279 -0.268 0.257  18.741 14.932 14.035
56 18.741 14.932 14.035  0.14  -0.016 -0.139 -0.035  18.725 14.793 14.000
# X=88 Y=27 Z=58
# collide dist=1.88e+00
57 18.725 14.793 14.000  1.88  -0.209 -1.810 -0.462  18.516 12.982 13.538
32 18.516 12.982 13.538  0.19  -0.180 0.018 0.046  18.336 13.000 13.584
57 18.336 13.000 13.584  4.49  -4.336 0.424 1.105  14.000 13.424 14.689
56 14.000 13.424 14.689  0.62  -0.600 0.059 0.153  13.400 13.483 14.842
# collide dist=8.77e-01
55 13.400 13.483 14.842  0.88  -0.846 0.083 0.216  12.554 13.565 15.057
56 12.554 13.565 15.057  0.19  -0.154 0.100 0.053  12.400 13.665 15.110
55 12.400 13.665 15.110  1.40  -1.130 0.735 0.389  11.270 14.400 15.499
# collide dist=4.45e-01
56 11.270 14.400 15.499  0.44  -0.358 0.233 0.123  10.912 14.633 15.622
# collide dist=7.75e-02
35 10.912 14.633 15.622  0.08  0.021 -0.072 0.019  10.932 14.561 15.641
# collide dist=1.63e+00
56 10.932 14.561 15.641  1.63  1.068 1.229 -0.056  12.000 15.790 15.585
57 12.000 15.790 15.585  0.23  0.079 0.008 0.215  12.080 15.798 15.800
# collide dist=8.72e-01
56 12.080 15.798 15.800  0.87  0.302 0.032 0.817  12.382 15.831 16.617
35 12.382 15.831 16.617  0.26  -0.182 0.182 -0.016  12.200 16.013 16.602
# collide dist=1.55e+00
56 12.200 16.013 16.602  1.55  -1.090 1.093 -0.094  11.110 17.106 16.507
57 11.110 17.106 16.507  0.31  -0.310 0.035 0.045  10.800 17.141 16.552
# collide dist=2.91e+00
56 10.800 17.141 16.552  2.91  -2.865 0.326 0.412  7.935 17.467 16.964
57 7.935 17.467 16.964  0.16  -0.153 0.005 0.036  7.782 17.472 17.000
# collide dist=3.40e-01
56 7.782 17.472 17.000  0.34  -0.331 0.010 0.078  7.451 17.482 17.078
# X=30 Y=86 Z=85
57 7.451 17.482 17.078  1.46  -1.451 -0.162 -0.058  6.000 17.320 17.020
32 6.000 17.320 17.020  0.00  -0.000 -0.000 -0.000  6.000 17.320 17.020
### escape
### CGp=(-6.000,-6.000,-1.000)     CGw=(0.000,0.000,1.000) 
0 31.092 18.000 35.607  0.90  -0.636 0.000 -0.636  30.455 18.000 34.970
0 30.455 18.000 34.970  0.00  -0.000 0.000 -0.000  30.455 18.000 34.970
1 30.455 18.000 34.970  1.53  -1.085 0.000 -1.085  29.370 18.000 33.885
3 29.370 18.000 33.885  8.12  -5.739 0.000 -5.739  23.632 18.000 28.147
3 23.632 18.000 28.147  0.00  -0.000 0.000 -0.000  23.632 18.000 28.147
1 23.632 18.000 28.147  1.01  -0.714 0.000 -0.714  22.918 18.000 27.432
#  entering Box at 0.89
0 22.918 18.000 27.432  0.89  -0.632 0.000 -0.632  22.285 18.000 26.800
32 22.285 18.000 26.800  0.00  -0.000 0.000 -0.000  22.285 18.000 26.800
#  entering Box at 0.00
0 22.285 18.000 26.800  0.00  -0.000 0.000 -0.000  22.285 18.000 26.800
32 22.285 18.000 26.800  5.21  -3.685 0.000 -3.685  18.600 18.000 23.115
57 18.600 18.000 23.115  1.13  -0.800 0.000 -0.800  17.800 18.000 22.315
# collide dist=6.99e-01
56 17.800 18.000 22.315  0.70  -0.494 0.000 -0.494  17.306 18.000 21.820
57 17.306 18.000 21.820  0.02  0.002 -0.006 -0.020  17.308 17.994 21.800
# collide dist=6.09e+00
56 17.308 17.994 21.800  6.09  0.645 -1.765 -5.798  17.953 16.229 16.002
57 17.953 16.229 16.002  0.18  -0.053 0.171 -0.036  17.899 16.400 15.966
# collide dist=1.29e+00
56 17.899 16.400 15.966  1.29  -0.377 1.209 -0.255  17.522 17.609 15.711
57 17.522 17.609 15.711  0.14  -0.122 -0.012 -0.066  17.400 17.597 15.645
56 17.400 17.597 15.645  0.68  -0.600 -0.060 -0.322  16.800 17.537 15.323
# collide dist=6.66e-02
57 16.800 17.537 15.323  0.07  -0.058 -0.006 -0.031  16.742 17.531 15.292
56 16.742 17.531 15.292  0.27  0.258 -0.005 0.068  17.000 17.526 15.360
57 17.000 17.526 15.360  0.21  0.200 -0.004 0.053  17.200 17.522 15.412
# collide dist=6.08e-01
56 17.200 17.522 15.412  0.61  0.588 -0.011 0.155  17.788 17.511 15.568
57 17.788 17.511 15.568  0.15  0.017 -0.111 -0.096  17.804 17.400 15.472
# collide dist=2.10e-01
56 17.804 17.400 15.472  0.21  0.024 -0.158 -0.136  17.828 17.242 15.336
57 17.828 17.242 15.336  0.11  -0.086 -0.008 0.064  17.742 17.234 15.400
# collide dist=5.14e-01
56 17.742 17.234 15.400  0.51  -0.411 -0.040 0.306  17.331 17.194 15.706
35 17.331 17.194 15.706  0.24  -0.131 -0.201 0.032  17.200 16.993 15.738
# collide dist=1.96e-01
56 17.200 16.993 15.738  0.20  -0.106 -0.163 0.026  17.094 16.831 15.764
44 17.094 16.831 15.764  0.10  0.065 -0.031 0.062  17.160 16.800 15.826
# collide dist=1.72e-01
56 17.160 16.800 15.826  0.17  0.118 -0.055 0.112  17.277 16.745 15.939
# collide dist=2.56e-01
57 17.277 16.745 15.939  0.26  -0.058 0.248 0.021  17.220 16.993 15.960
56 17.220 16.993 15.960  1.50  0.889 1.207 -0.024  18.109 18.200 15.936
# X=94 Y=96 Z=79
# collide dist=1.86e-01
57 18.109 18.200 15.936  0.19  0.110 0.150 -0.003  18.219 18.350 15.932
32 18.219 18.350 15.932  0.24  -0.219 -0.058 -0.081  18.000 18.291 15.852
57 18.000 18.291 15.852  0.44  -0.400 -0.106 -0.147  17.600 18.185 15.705
# collide dist=4.07e-01
56 17.600 18.185 15.705  0.41  -0.371 -0.098 -0.136  17.229 18.087 15.569
# X=70 Y=107 Z=71
# collide dist=1.17e+00
57 17.229 18.087 15.569  1.17  -0.766 0.827 -0.321  16.463 18.914 15.247
32 16.463 18.914 15.247  0.27  0.223 -0.007 0.153  16.686 18.907 15.400
# X=95 Y=94 Z=84
# collide dist=1.88e+00
57 16.686 18.907 15.400  1.88  1.550 -0.046 1.062  18.236 18.861 16.462
32 18.236 18.861 16.462  0.15  -0.002 0.139 -0.063  18.234 19.000 16.399
# X=91 Y=97 Z=81
# collide dist=1.92e-01
57 18.234 19.000 16.399  0.19  -0.002 0.174 -0.079  18.232 19.174 16.320
32 18.232 19.174 16.320  0.18  -0.129 0.001 -0.120  18.102 19.176 16.200
# X=38 Y=96 Z=33
# collide dist=9.97e-01
57 18.102 19.176 16.200  1.00  -0.732 0.008 -0.677  17.371 19.184 15.523
32 17.371 19.184 15.523  0.05  0.029 0.030 -0.029  17.400 19.214 15.494
# X=89 Y=98 Z=74
57 17.400 19.214 15.494  0.99  0.567 0.586 -0.554  17.967 19.800 14.940
32 17.967 19.800 14.940  0.00  0.000 0.000 -0.000  17.967 19.800 14.940
### escape
### CGp=(-5.500,-5.500,-1.000)     CGw=(0.000,0.000,1.000) 
0 30.738 17.500 35.960  0.90  -0.636 0.000 -0.636  30.102 17.500 35.324
0 30.102 17.500 35.324  0.00  -0.000 0.000 -0.000  30.102 17.500 35.324
1 30.102 17.500 35.324  0.10  -0.071 0.000 -0.071  30.031 17.500 35.253
5 30.031 17.500 35.253  1.00  -0.707 0.000 -0.707  29.324 17.500 34.546
# collide dist=6.86e+00
3 29.324 17.500 34.546  6.86  -4.847 0.000 -4.847  24.477 17.500 29.699
3 24.477 17.500 29.699  2.27  -0.746 -1.372 -1.651  23.731 16.128 28.048
1 23.731 16.128 28.048  1.35  -0.445 -0.817 -0.984  23.286 15.311 27.064
#  entering Box at 0.36
0 23.286 15.311 27.064  0.36  -0.119 -0.219 -0.264  23.167 15.092 26.800
32 23.167 15.092 26.800  0.00  -0.000 -0.000 -0.000  23.167 15.092 26.800
#  entering Box at 0.00
0 23.167 15.092 26.800  0.00  -0.000 -0.000 -0.000  23.167 15.092 26.800
32 23.167 15.092 26.800  6.78  -2.225 -4.092 -4.924  20.942 11.000 21.876
# collide dist=2.43e+00
57 20.942 11.000 21.876  2.43  -0.798 -1.467 -1.765  20.144 9.533 20.110
56 20.144 9.533 20.110  0.33  0.035 -0.094 -0.310  20.179 9.439 19.800
57 20.179 9.439 19.800  2.90  0.306 -0.839 -2.755  20.485 8.600 17.045
47 20.485 8.600 17.045  0.69  0.073 -0.200 -0.657  20.558 8.400 16.388
# collide dist=1.40e-01
39 20.558 8.400 16.388  0.14  0.015 -0.041 -0.133  20.573 8.359 16.255
47 20.573 8.359 16.255  0.56  -0.373 -0.397 0.131  20.200 7.963 16.386
# X=91 Y=29 Z=85
# collide dist=7.83e-01
57 20.200 7.963 16.386  0.78  -0.521 -0.555 0.184  19.679 7.408 16.570
32 19.679 7.408 16.570  0.07  -0.066 -0.011 0.030  19.613 7.397 16.600
# collide dist=6.66e-02
57 19.613 7.397 16.600  0.07  -0.060 -0.010 0.027  19.553 7.387 16.627
56 19.553 7.387 16.627  0.26  0.247 -0.005 0.065  19.800 7.382 16.692
# X=100 Y=36 Z=83
57 19.800 7.382 16.692  0.41  0.400 -0.008 0.106  20.200 7.375 16.798
32 20.200 7.375 16.798  0.00  0.000 -0.000 0.000  20.200 7.375 16.798
### escape
### CGp=(-5.000,-5.000,-1.000)     CGw=(0.000,0.000,1.000) 
0 30.385 17.000 36.314  0.90  -0.636 0.000 -0.636  29.748 17.000 35.677
1 29.748 17.000 35.677  0.10  -0.071 0.000 -0.071  29.678 17.000 35.607
5 29.678 17.000 35.607  1.00  -0.707 0.000 -0.707  28.971 17.000 34.899
# collide dist=6.86e+00
3 28.971 17.000 34.899  6.86  -4.847 0.000 -4.847  24.123 17.000 30.052
3 24.123 17.000 30.052  2.27  -0.746 -1.372 -1.651  23.377 15.628 28.401
1 23.377 15.628 28.401  1.35  -0.445 -0.817 -0.984  22.933 14.811 27.417
#  entering Box at 0.85
0 22.933 14.811 27.417  0.85  -0.279 -0.513 -0.617  22.654 14.298 26.800
32 22.654 14.298 26.800  0.00  -0.000 -0.000 -0.000  22.654 14.298 26.800
#  entering Box at 0.00
0 22.654 14.298 26.800  0.00  -0.000 -0.000 -0.000  22.654 14.298 26.800
32 22.654 14.298 26.800  6.33  -2.079 -3.822 -4.600  20.575 10.476 22.200
# collide dist=2.43e+00
57 20.575 10.476 22.200  2.43  -0.798 -1.467 -1.765  19.777 9.009 20.435
56 19.777 9.009 20.435  0.04  0.004 -0.011 -0.035  19.781 8.998 20.400
# X=101 Y=37 Z=79
57 19.781 8.998 20.400  4.84  0.512 -1.401 -4.600  20.293 7.598 15.800
32 20.293 7.598 15.800  0.00  0.000 -0.000 -0.000  20.293 7.598 15.800
### escape
### CGp=(-4.500,-4.500,-1.000)     CGw=(0.000,0.000,1.000) 
0 30.031 16.500 36.667  0.90  -0.636 0.000 -0.636  29.395 16.500 36.031
1 29.395 16.500 36.031  0.10  -0.071 0.000 -0.071  29.324 16.500 35.960
1 29.324 16.500 35.960  0.00  -0.000 0.000 -0.000  29.324 16.500 35.960
5 29.324 16.500 35.960  1.00  -0.707 0.000 -0.707  28.617 16.500 35.253
3 28.617 16.500 35.253  8.55  -6.046 0.000 -6.046  22.571 16.500 29.207
1 22.571 16.500 29.207  1.01  -0.714 0.000 -0.714  21.857 16.500 28.493
#  entering Box at 2.39
0 21.857 16.500 28.493  2.39  -1.693 0.000 -1.693  20.164 16.500 26.800
32 20.164 16.500 26.800  0.00  -0.000 0.000 -0.000  20.164 16.500 26.800
#  entering Box at 0.00
0 20.164 16.500 26.800  0.00  -0.000 0.000 -0.000  20.164 16.500 26.800
32 20.164 16.500 26.800  3.34  -2.364 0.000 -2.364  17.800 16.500 24.436
# collide dist=6.99e-01
57 17.800 16.500 24.436  0.70  -0.494 0.000 -0.494  17.306 16.500 23.942
56 17.306 16.500 23.942  0.35  0.037 -0.100 -0.328  17.342 16.400 23.613
57 17.342 16.400 23.613  0.22  0.024 -0.065 -0.213  17.366 16.335 23.400
# collide dist=9.55e-01
56 17.366 16.335 23.400  0.96  0.101 -0.277 -0.909  17.467 16.058 22.491
57 17.467 16.058 22.491  0.17  0.133 -0.076 -0.077  17.600 15.982 22.414
# collide dist=2.61e+00
56 17.600 15.982 22.414  2.61  2.023 -1.161 -1.177  19.623 14.821 21.237
57 19.623 14.821 21.237  0.25  -0.036 -0.221 0.102  19.588 14.600 21.338
# collide dist=6.66e-02
56 19.588 14.600 21.338  0.07  -0.010 -0.060 0.027  19.578 14.540 21.366
57 19.578 14.540 21.366  0.13  0.129 -0.002 0.034  19.707 14.538 21.400
56 19.707 14.538 21.400  0.30  0.293 -0.006 0.077  20.000 14.532 21.477
# X=104 Y=72 Z=108
# collide dist=6.08e-01
57 20.000 14.532 21.477  0.61  0.588 -0.011 0.155  20.588 14.521 21.632
32 20.588 14.521 21.632  0.11  0.012 -0.083 -0.071  20.600 14.438 21.561
# X=107 Y=41 Z=81
# collide dist=1.87e+00
57 20.600 14.438 21.561  1.87  0.210 -1.412 -1.214  20.810 13.026 20.347
32 20.810 13.026 20.347  0.24  0.190 -0.137 -0.041  21.000 12.890 20.306
# X=108 Y=62 Z=100
# collide dist=7.37e-01
57 21.000 12.890 20.306  0.74  0.589 -0.424 -0.128  21.589 12.465 20.179
32 21.589 12.465 20.179  0.24  -0.225 0.068 0.021  21.364 12.534 20.200
# collide dist=1.14e+00
57 21.364 12.534 20.200  1.14  -1.086 0.329 0.102  20.278 12.863 20.302
# collide dist=1.96e-01
56 20.278 12.863 20.302  0.20  -0.179 0.024 0.074  20.099 12.887 20.376
57 20.099 12.887 20.376  0.15  0.101 -0.047 0.096  20.200 12.840 20.472
# collide dist=1.72e-01
56 20.200 12.840 20.472  0.17  0.118 -0.055 0.112  20.318 12.785 20.585
# collide dist=2.56e-01
57 20.318 12.785 20.585  0.26  -0.058 0.248 0.021  20.260 13.033 20.606
56 20.260 13.033 20.606  0.24  0.140 0.190 -0.004  20.400 13.223 20.602
# X=106 Y=71 Z=102
# collide dist=1.86e-01
57 20.400 13.223 20.602  0.19  0.110 0.150 -0.003  20.510 13.372 20.599
32 20.510 13.372 20.599  0.34  -0.310 -0.082 -0.114  20.200 13.290 20.485
57 20.200 13.290 20.485  0.22  -0.200 -0.053 -0.073  20.000 13.237 20.412
# collide dist=4.07e-01
56 20.000 13.237 20.412  0.41  -0.371 -0.098 -0.136  19.629 13.138 20.276
35 19.629 13.138 20.276  0.09  -0.057 0.062 -0.024  19.572 13.200 20.252
# collide dist=3.11e-01
56 19.572 13.200 20.252  0.31  -0.203 0.219 -0.085  19.369 13.419 20.166
57 19.369 13.419 20.166  0.22  -0.004 -0.219 0.008  19.365 13.200 20.174
# collide dist=8.31e-02
56 19.365 13.200 20.174  0.08  -0.002 -0.083 0.003  19.363 13.117 20.177
# collide dist=2.14e-01
57 19.363 13.117 20.177  0.21  0.004 -0.108 0.185  19.367 13.009 20.361
# collide dist=7.36e-01
56 19.367 13.009 20.361  0.74  0.078 -0.094 -0.726  19.445 12.915 19.635
# collide dist=1.32e-01
57 19.445 12.915 19.635  0.13  0.078 -0.055 0.091  19.523 12.859 19.726
# collide dist=5.73e-01
56 19.523 12.859 19.726  0.57  -0.279 0.465 0.186  19.244 13.324 19.912
# collide dist=3.92e-02
57 19.244 13.324 19.912  0.04  -0.032 0.021 -0.006  19.212 13.346 19.906
# collide dist=3.03e+00
56 19.212 13.346 19.906  3.03  -1.370 -2.634 -0.598  17.841 10.712 19.308
57 17.841 10.712 19.308  0.22  0.159 -0.043 0.145  18.000 10.669 19.453
# collide dist=3.52e-01
56 18.000 10.669 19.453  0.35  0.254 -0.069 0.233  18.254 10.600 19.686
# collide dist=1.07e-01
57 18.254 10.600 19.686  0.11  -0.066 0.061 -0.059  18.188 10.661 19.627
# collide dist=6.29e-01
56 18.188 10.661 19.627  0.63  0.254 0.097 -0.567  18.442 10.758 19.060
57 18.442 10.758 19.060  0.06  -0.042 0.044 -0.016  18.400 10.802 19.044
# collide dist=2.11e-01
56 18.400 10.802 19.044  0.21  -0.140 0.148 -0.054  18.260 10.950 18.990
55 18.260 10.950 18.990  0.23  -0.060 -0.210 -0.082  18.200 10.740 18.908
# collide dist=1.23e+00
56 18.200 10.740 18.908  1.23  -0.314 -1.108 -0.433  17.886 9.632 18.475
57 17.886 9.632 18.475  0.12  -0.062 -0.063 -0.075  17.823 9.569 18.400
# collide dist=3.05e-01
56 17.823 9.569 18.400  0.30  -0.164 -0.165 -0.197  17.659 9.404 18.203
57 17.659 9.404 18.203  0.01  0.003 -0.004 -0.013  17.662 9.400 18.190
56 17.662 9.400 18.190  1.29  0.281 -0.397 -1.190  17.943 9.003 17.000
# X=98 Y=32 Z=45
# collide dist=1.31e+00
57 17.943 9.003 17.000  1.31  0.287 -0.406 -1.217  18.230 8.597 15.783
32 18.230 8.597 15.783  0.03  0.018 0.013 0.017  18.248 8.610 15.800
# collide dist=1.80e-01
57 18.248 8.610 15.800  0.18  0.116 0.085 0.109  18.363 8.695 15.909
47 18.363 8.695 15.909  0.16  0.121 0.105 -0.020  18.485 8.800 15.889
57 18.485 8.800 15.889  0.72  0.539 0.467 -0.089  19.024 9.267 15.800
# collide dist=1.56e-01
47 19.024 9.267 15.800  0.16  0.117 0.102 -0.019  19.141 9.368 15.781
# collide dist=4.90e-02
57 19.141 9.368 15.781  0.05  0.048 0.007 0.009  19.189 9.376 15.790
# collide dist=3.79e-01
47 19.189 9.376 15.790  0.38  0.006 -0.355 0.133  19.195 9.021 15.923
57 19.195 9.021 15.923  0.21  0.005 -0.196 0.077  19.200 8.825 16.000
47 19.200 8.825 16.000  0.89  0.021 -0.825 0.326  19.221 8.000 16.326
# X=96 Y=33 Z=83
57 19.221 8.000 16.326  1.29  0.030 -1.201 0.474  19.251 6.799 16.800
32 19.251 6.799 16.800  0.00  0.000 -0.000 0.000  19.251 6.799 16.800
### escape
### CGp=(-4.000,-4.000,-1.000)     CGw=(0.000,0.000,1.000) 
0 29.678 16.000 37.021  0.90  -0.636 0.000 -0.636  29.041 16.000 36.384
1 29.041 16.000 36.384  0.10  -0.071 0.000 -0.071  28.971 16.000 36.314
5 28.971 16.000 36.314  1.00  -0.707 0.000 -0.707  28.263 16.000 35.607
5 28.263 16.000 35.607  0.00  -0.000 0.000 -0.000  28.263 16.000 35.607
3 28.263 16.000 35.607  8.55  -6.046 0.000 -6.046  22.218 16.000 29.561
1 22.218 16.000 29.561  1.01  -0.714 0.000 -0.714  21.504 16.000 28.847
#  entering Box at 2.89
0 21.504 16.000 28.847  2.89  -2.047 0.000 -2.047  19.457 16.000 26.800
32 19.457 16.000 26.800  0.00  -0.000 0.000 -0.000  19.457 16.000 26.800
#  entering Box at 0.00
0 19.457 16.000 26.800  0.00  -0.000 0.000 -0.000  19.457 16.000 26.800
32 19.457 16.000 26.800  2.83  -2.000 0.000 -2.000  17.457 16.000 24.800
# collide dist=6.99e-01
57 17.457 16.000 24.800  0.70  -0.494 0.000 -0.494  16.963 16.000 24.306
56 16.963 16.000 24.306  0.11  0.012 -0.032 -0.106  16.974 15.968 24.200
57 16.974 15.968 24.200  0.24  0.026 -0.070 -0.231  17.000 15.897 23.969
# collide dist=9.55e-01
56 17.000 15.897 23.969  0.96  0.101 -0.277 -0.909  17.101 15.621 23.060
57 17.101 15.621 23.060  0.13  0.099 -0.057 -0.058  17.200 15.564 23.003
# collide dist=2.61e+00
56 17.200 15.564 23.003  2.61  2.023 -1.161 -1.177  19.223 14.403 21.825
57 19.223 14.403 21.825  0.16  -0.023 -0.145 0.066  19.200 14.259 21.892
# collide dist=6.66e-02
56 19.200 14.259 21.892  0.07  -0.010 -0.060 0.027  19.190 14.199 21.919
57 19.190 14.199 21.919  0.22  0.210 -0.004 0.055  19.400 14.195 21.975
56 19.400 14.195 21.975  0.21  0.200 -0.004 0.053  19.600 14.191 22.027
# X=102 Y=70 Z=111
# collide dist=6.08e-01
57 19.600 14.191 22.027  0.61  0.588 -0.011 0.155  20.188 14.180 22.182
32 20.188 14.180 22.182  0.24  0.027 -0.180 -0.155  20.214 14.000 22.028
# X=105 Y=39 Z=84
# collide dist=1.87e+00
57 20.214 14.000 22.028  1.87  0.210 -1.412 -1.214  20.425 12.588 20.814
32 20.425 12.588 20.814  0.22  0.175 -0.126 -0.038  20.600 12.462 20.776
# X=107 Y=59 Z=103
# collide dist=7.37e-01
57 20.600 12.462 20.776  0.74  0.589 -0.424 -0.128  21.189 12.038 20.649
32 21.189 12.038 20.649  0.41  -0.389 0.118 0.037  20.800 12.156 20.685
57 20.800 12.156 20.685  0.84  -0.800 0.243 0.075  20.000 12.398 20.760
# collide dist=1.50e+00
56 20.000 12.398 20.760  1.50  -1.427 0.433 0.134  18.573 12.831 20.894
# collide dist=9.30e-02
35 18.573 12.831 20.894  0.09  0.010 0.091 0.015  18.584 12.922 20.909
# collide dist=8.87e-01
56 18.584 12.922 20.909  0.89  -0.755 0.409 -0.223  17.829 13.331 20.685
35 17.829 13.331 20.685  0.08  -0.036 0.069 -0.016  17.793 13.400 20.670
# collide dist=1.44e-01
56 17.793 13.400 20.670  0.14  -0.066 0.125 -0.028  17.727 13.525 20.641
# collide dist=2.56e-01
57 17.727 13.525 20.641  0.26  -0.058 0.248 0.021  17.669 13.773 20.663
56 17.669 13.773 20.663  3.01  1.788 2.427 -0.049  19.457 16.200 20.614
# X=101 Y=86 Z=102
# collide dist=1.86e-01
57 19.457 16.200 20.614  0.19  0.110 0.150 -0.003  19.568 16.350 20.611
32 19.568 16.350 20.611  0.18  -0.168 -0.044 -0.062  19.400 16.305 20.549
57 19.400 16.305 20.549  0.22  -0.200 -0.053 -0.073  19.200 16.252 20.476
# collide dist=4.07e-01
56 19.200 16.252 20.476  0.41  -0.371 -0.098 -0.136  18.829 16.154 20.339
35 18.829 16.154 20.339  0.07  -0.043 0.046 -0.018  18.786 16.200 20.321
# collide dist=3.11e-01
56 18.786 16.200 20.321  0.31  -0.203 0.219 -0.085  18.583 16.419 20.236
57 18.583 16.419 20.236  0.22  -0.004 -0.219 0.008  18.579 16.200 20.244
# collide dist=8.31e-02
56 18.579 16.200 20.244  0.08  -0.002 -0.083 0.003  18.577 16.117 20.247
# collide dist=2.14e-01
57 18.577 16.117 20.247  0.21  0.004 -0.108 0.185  18.581 16.009 20.431
# collide dist=7.36e-01
56 18.581 16.009 20.431  0.74  0.078 -0.094 -0.726  18.659 15.915 19.705
# collide dist=1.32e-01
57 18.659 15.915 19.705  0.13  0.078 -0.055 0.091  18.737 15.859 19.796
# collide dist=5.73e-01
56 18.737 15.859 19.796  0.57  -0.279 0.465 0.186  18.458 16.324 19.982
# collide dist=3.92e-02
57 18.458 16.324 19.982  0.04  -0.032 0.021 -0.006  18.426 16.346 19.976
# collide dist=3.03e+00
56 18.426 16.346 19.976  3.03  -1.370 -2.634 -0.598  17.056 13.712 19.378
57 17.056 13.712 19.378  0.20  0.144 -0.039 0.132  17.200 13.673 19.510
# collide dist=3.52e-01
56 17.200 13.673 19.510  0.35  0.254 -0.069 0.233  17.454 13.604 19.743
# collide dist=1.07e-01
57 17.454 13.604 19.743  0.11  -0.066 0.061 -0.059  17.388 13.665 19.684
# collide dist=6.29e-01
56 17.388 13.665 19.684  0.63  0.254 0.097 -0.567  17.642 13.762 19.117
57 17.642 13.762 19.117  0.06  -0.042 0.044 -0.016  17.600 13.806 19.101
# collide dist=2.11e-01
56 17.600 13.806 19.101  0.21  -0.140 0.148 -0.054  17.460 13.954 19.047
57 17.460 13.954 19.047  0.17  -0.044 -0.154 -0.060  17.416 13.800 18.987
# collide dist=1.23e+00
56 17.416 13.800 18.987  1.23  -0.314 -1.108 -0.433  17.102 12.692 18.554
57 17.102 12.692 18.554  0.19  -0.102 -0.102 -0.122  17.000 12.590 18.432
# collide dist=3.05e-01
56 17.000 12.590 18.432  0.30  -0.164 -0.165 -0.197  16.836 12.425 18.235
57 16.836 12.425 18.235  0.08  0.018 -0.025 -0.075  16.854 12.400 18.161
56 16.854 12.400 18.161  1.59  0.346 -0.490 -1.468  17.200 11.910 16.692
# X=99 Y=40 Z=26
# collide dist=1.31e+00
57 17.200 11.910 16.692  1.31  0.287 -0.406 -1.217  17.487 11.505 15.476
32 17.487 11.505 15.476  0.20  0.130 0.095 0.123  17.617 11.600 15.599
# collide dist=1.80e-01
57 17.617 11.600 15.599  0.18  0.116 0.085 0.109  17.733 11.685 15.708
56 17.733 11.685 15.708  0.18  0.133 0.115 -0.022  17.866 11.800 15.686
57 17.866 11.800 15.686  0.45  0.334 0.289 -0.055  18.200 12.089 15.631
# collide dist=1.56e-01
56 18.200 12.089 15.631  0.16  0.117 0.102 -0.019  18.317 12.191 15.611
# collide dist=4.90e-02
57 18.317 12.191 15.611  0.05  0.048 0.007 0.009  18.365 12.198 15.620
# collide dist=3.79e-01
56 18.365 12.198 15.620  0.38  0.006 -0.355 0.133  18.371 11.843 15.753
57 18.371 11.843 15.753  0.67  0.016 -0.624 0.247  18.387 11.219 16.000
# collide dist=1.05e+00
41 18.387 11.219 16.000  1.05  0.025 -0.976 0.385  18.411 10.243 16.385
57 18.411 10.243 16.385  0.19  -0.015 0.013 -0.185  18.397 10.255 16.200
41 18.397 10.255 16.200  0.80  -0.064 0.055 -0.800  18.332 10.310 15.400
# collide dist=1.09e+00
57 18.332 10.310 15.400  1.09  -0.088 0.074 -1.088  18.245 10.384 14.312
52 18.245 10.384 14.312  0.19  -0.115 -0.125 0.088  18.130 10.259 14.400
# collide dist=9.83e-01
57 18.130 10.259 14.400  0.98  -0.591 -0.643 0.451  17.539 9.616 14.851
46 17.539 9.616 14.851  0.27  -0.185 0.184 0.059  17.354 9.800 14.910
# collide dist=1.99e-01
57 17.354 9.800 14.910  0.20  -0.138 0.137 0.044  17.217 9.937 14.954
56 17.217 9.937 14.954  0.11  -0.065 -0.071 0.046  17.152 9.866 15.000
# collide dist=2.03e-01
57 17.152 9.866 15.000  0.20  -0.124 -0.136 0.087  17.028 9.730 15.087
40 17.028 9.730 15.087  0.32  0.172 0.267 -0.023  17.200 9.997 15.064
# X=106 Y=82 Z=72
# collide dist=3.17e+00
57 17.200 9.997 15.064  3.17  1.714 2.659 -0.232  18.914 12.656 14.832
32 18.914 12.656 14.832  0.19  -0.114 -0.151 0.028  18.800 12.506 14.860
# collide dist=1.01e+00
57 18.800 12.506 14.860  1.01  -0.601 -0.798 0.147  18.199 11.708 15.007
40 18.199 11.708 15.007  0.11  0.050 0.092 0.030  18.249 11.800 15.037
# X=104 Y=82 Z=82
# collide dist=1.56e-01
57 18.249 11.800 15.037  0.16  0.072 0.132 0.042  18.321 11.932 15.079
32 18.321 11.932 15.079  0.17  0.022 -0.132 -0.105  18.343 11.800 14.974
# X=96 Y=28 Z=50
# collide dist=1.04e+00
57 18.343 11.800 14.974  1.04  0.137 -0.809 -0.645  18.480 10.991 14.328
32 18.480 10.991 14.328  0.25  -0.056 -0.191 0.145  18.423 10.800 14.473
# X=83 Y=24 Z=94
# collide dist=2.45e+00
57 18.423 10.800 14.473  2.45  -0.559 -1.896 1.440  17.864 8.904 15.913
32 17.864 8.904 15.913  0.29  -0.010 0.269 -0.113  17.854 9.173 15.800
# collide dist=5.73e+00
57 17.854 9.173 15.800  5.73  -0.206 5.278 -2.228  17.648 14.451 13.572
49 17.648 14.451 13.572  0.17  -0.074 0.149 0.024  17.574 14.600 13.596
# collide dist=1.23e+00
57 17.574 14.600 13.596  1.23  -0.541 1.090 0.174  17.032 15.690 13.770
# collide dist=1.60e-01
51 17.032 15.690 13.770  0.16  -0.146 0.012 -0.062  16.886 15.702 13.708
# collide dist=1.47e-01
57 16.886 15.702 13.708  0.15  -0.117 0.044 0.076  16.769 15.747 13.784
51 16.769 15.747 13.784  0.05  0.031 -0.038 0.022  16.800 15.708 13.806
# collide dist=4.67e-01
57 16.800 15.708 13.806  0.47  0.268 -0.332 0.191  17.068 15.377 13.997
56 17.068 15.377 13.997  0.11  -0.068 -0.065 0.062  17.000 15.312 14.059
57 17.000 15.312 14.059  0.67  -0.400 -0.385 0.370  16.600 14.926 14.429
# collide dist=2.23e+00
56 16.600 14.926 14.429  2.23  -1.334 -1.286 1.233  15.266 13.641 15.661
# collide dist=2.10e-03
44 15.266 13.641 15.661  0.00  0.001 -0.002 -0.001  15.267 13.639 15.661
56 15.267 13.639 15.661  0.70  0.013 -0.216 -0.661  15.280 13.423 15.000
# collide dist=8.77e-01
57 15.280 13.423 15.000  0.88  0.017 -0.273 -0.833  15.297 13.150 14.167
52 15.297 13.150 14.167  0.12  -0.097 0.063 0.033  15.200 13.213 14.200
57 15.200 13.213 14.200  1.24  -1.000 0.650 0.344  14.200 13.863 14.544
# collide dist=4.45e-01
56 14.200 13.863 14.544  0.44  -0.358 0.233 0.123  13.842 14.096 14.667
# collide dist=7.75e-02
55 13.842 14.096 14.667  0.08  0.021 -0.072 0.019  13.862 14.024 14.686
# collide dist=1.63e+00
56 13.862 14.024 14.686  1.63  1.068 1.229 -0.056  14.930 15.254 14.630
51 14.930 15.254 14.630  0.20  0.070 0.007 0.189  15.000 15.261 14.820
56 15.000 15.261 14.820  0.62  0.215 0.023 0.580  15.215 15.284 15.400
57 15.215 15.284 15.400  0.43  0.148 0.016 0.400  15.362 15.299 15.800
# collide dist=2.77e-01
56 15.362 15.299 15.800  0.28  0.096 0.010 0.260  15.459 15.310 16.060
57 15.459 15.310 16.060  0.11  -0.070 -0.061 -0.060  15.388 15.249 16.000
# collide dist=6.22e-01
56 15.388 15.249 16.000  0.62  -0.396 -0.342 -0.336  14.993 14.907 15.664
55 14.993 14.907 15.664  0.40  -0.393 0.012 0.092  14.600 14.919 15.755
56 14.600 14.919 15.755  0.20  -0.190 0.006 0.045  14.410 14.925 15.800
# collide dist=1.95e+00
55 14.410 14.925 15.800  1.95  -1.901 0.058 0.445  12.508 14.982 16.245
56 12.508 14.982 16.245  0.39  -0.049 -0.382 0.086  12.459 14.600 16.331
55 12.459 14.600 16.331  1.24  -0.155 -1.200 0.271  12.304 13.400 16.603
# collide dist=1.58e+00
35 12.304 13.400 16.603  1.58  -0.197 -1.525 0.345  12.107 11.875 16.947
56 12.107 11.875 16.947  0.16  -0.138 -0.075 0.021  11.969 11.800 16.968
# collide dist=2.89e+00
35 11.969 11.800 16.968  2.89  -2.511 -1.368 0.386  9.457 10.432 17.354
57 9.457 10.432 17.354  0.26  0.199 0.168 -0.034  9.657 10.600 17.320
# collide dist=5.45e-01
35 9.657 10.600 17.320  0.54  0.413 0.348 -0.071  10.070 10.948 17.248
55 10.070 10.948 17.248  0.11  -0.070 -0.037 -0.075  10.000 10.911 17.173
# collide dist=1.22e+00
35 10.000 10.911 17.173  1.22  -0.781 -0.411 -0.839  9.219 10.499 16.334
57 9.219 10.499 16.334  0.15  -0.019 -0.135 -0.061  9.200 10.364 16.273
# collide dist=4.78e-01
35 9.200 10.364 16.273  0.48  -0.061 -0.432 -0.196  9.139 9.933 16.077
57 9.139 9.933 16.077  0.15  0.061 -0.015 0.135  9.200 9.918 16.212
# collide dist=1.43e+00
35 9.200 9.918 16.212  1.43  0.586 -0.145 1.293  9.786 9.773 17.505
56 9.786 9.773 17.505  0.20  -0.043 -0.174 0.095  9.743 9.598 17.600
# collide dist=1.37e+00
35 9.743 9.598 17.600  1.37  -0.289 -1.176 0.638  9.454 8.422 18.238
# collide dist=3.46e-01
57 9.454 8.422 18.238  0.35  -0.043 0.099 0.329  9.411 8.522 18.567
35 9.411 8.522 18.567  1.26  -0.196 0.200 1.233  9.214 8.721 19.800
56 9.214 8.721 19.800  0.21  -0.032 0.032 0.200  9.183 8.754 20.000
57 9.183 8.754 20.000  0.29  -0.045 0.046 0.285  9.137 8.800 20.285
56 9.137 8.800 20.285  0.88  -0.137 0.139 0.861  9.000 8.939 21.147
# X=42 Y=46 Z=118
# collide dist=1.37e-01
57 9.000 8.939 21.147  0.14  -0.021 0.022 0.134  8.979 8.961 21.280
32 8.979 8.961 21.280  0.35  -0.066 -0.123 0.320  8.913 8.838 21.600
# X=43 Y=41 Z=113
# collide dist=1.19e-01
57 8.913 8.838 21.600  0.12  -0.023 -0.042 0.109  8.890 8.796 21.709
32 8.890 8.796 21.709  0.27  -0.090 -0.248 0.063  8.800 8.548 21.772
# X=43 Y=39 Z=109
57 8.800 8.548 21.772  0.60  -0.200 -0.552 0.140  8.600 7.995 21.913
32 8.600 7.995 21.913  0.00  -0.000 -0.000 0.000  8.600 7.995 21.913
### escape
### CGp=(-3.500,-3.500,-1.000)     CGw=(0.000,0.000,1.000) 
0 29.324 15.500 37.374  0.90  -0.636 0.000 -0.636  28.688 15.500 36.738
1 28.688 15.500 36.738  0.10  -0.071 0.000 -0.071  28.617 15.500 36.667
5 28.617 15.500 36.667  1.00  -0.707 0.000 -0.707  27.910 15.500 35.960
5 27.910 15.500 35.960  0.00  -0.000 0.000 -0.000  27.910 15.500 35.960
3 27.910 15.500 35.960  8.55  -6.046 0.000 -6.046  21.864 15.500 29.914
1 21.864 15.500 29.914  1.01  -0.714 0.000 -0.714  21.150 15.500 29.200
#  entering Box at 3.39
0 21.150 15.500 29.200  3.39  -2.400 0.000 -2.400  18.750 15.500 26.800
32 18.750 15.500 26.800  0.00  -0.000 0.000 -0.000  18.750 15.500 26.800
#  entering Box at 0.00
0 18.750 15.500 26.800  0.00  -0.000 0.000 -0.000  18.750 15.500 26.800
32 18.750 15.500 26.800  2.47  -1.750 0.000 -1.750  17.000 15.500 25.050
# collide dist=6.99e-01
57 17.000 15.500 25.050  0.70  -0.494 0.000 -0.494  16.506 15.500 24.556
56 16.506 15.500 24.556  0.35  0.037 -0.100 -0.328  16.542 15.400 24.227
57 16.542 15.400 24.227  0.24  0.025 -0.069 -0.227  16.568 15.331 24.000
# collide dist=9.55e-01
56 16.568 15.331 24.000  0.96  0.101 -0.277 -0.909  16.669 15.054 23.091
57 16.669 15.054 23.091  0.17  0.131 -0.075 -0.076  16.800 14.979 23.015
# collide dist=2.61e+00
56 16.800 14.979 23.015  2.61  2.023 -1.161 -1.177  18.823 13.818 21.838
57 18.823 13.818 21.838  0.16  -0.023 -0.145 0.066  18.800 13.673 21.904
# collide dist=6.66e-02
56 18.800 13.673 21.904  0.07  -0.010 -0.060 0.027  18.790 13.613 21.932
57 18.790 13.613 21.932  0.22  0.210 -0.004 0.055  19.000 13.609 21.987
56 19.000 13.609 21.987  0.52  0.502 -0.009 0.132  19.502 13.600 22.119
# X=103 Y=67 Z=112
# collide dist=6.08e-01
57 19.502 13.600 22.119  0.61  0.588 -0.011 0.155  20.090 13.589 22.275
32 20.090 13.589 22.275  0.25  0.028 -0.189 -0.162  20.118 13.400 22.112
# X=104 Y=38 Z=86
# collide dist=1.87e+00
57 20.118 13.400 22.112  1.87  0.210 -1.412 -1.214  20.328 11.988 20.898
32 20.328 11.988 20.898  0.33  0.261 -0.188 -0.056  20.589 11.800 20.842
# X=107 Y=56 Z=103
# collide dist=7.37e-01
57 20.589 11.800 20.842  0.74  0.589 -0.424 -0.128  21.178 11.376 20.714
32 21.178 11.376 20.714  0.19  -0.178 0.054 0.017  21.000 11.430 20.731
# collide dist=1.14e+00
57 21.000 11.430 20.731  1.14  -1.086 0.329 0.102  19.914 11.759 20.833
# collide dist=1.96e-01
56 19.914 11.759 20.833  0.20  -0.179 0.024 0.074  19.735 11.783 20.907
57 19.735 11.783 20.907  0.14  0.097 -0.046 0.093  19.832 11.737 21.000
# collide dist=1.72e-01
56 19.832 11.737 21.000  0.17  0.118 -0.055 0.112  19.950 11.682 21.112
# collide dist=2.56e-01
57 19.950 11.682 21.112  0.26  -0.058 0.248 0.021  19.892 11.931 21.133
56 19.892 11.931 21.133  0.33  0.199 0.269 -0.005  20.091 12.200 21.128
# X=106 Y=68 Z=105
# collide dist=1.86e-01
57 20.091 12.200 21.128  0.19  0.110 0.150 -0.003  20.201 12.350 21.125
32 20.201 12.350 21.125  0.22  -0.201 -0.053 -0.074  20.000 12.296 21.051
57 20.000 12.296 21.051  0.15  -0.139 -0.037 -0.051  19.861 12.259 21.000
# collide dist=4.07e-01
56 19.861 12.259 21.000  0.41  -0.371 -0.098 -0.136  19.489 12.161 20.864
35 19.489 12.161 20.864  0.14  -0.089 0.097 -0.038  19.400 12.258 20.826
# collide dist=3.11e-01
56 19.400 12.258 20.826  0.31  -0.203 0.219 -0.085  19.197 12.477 20.741
57 19.197 12.477 20.741  0.28  -0.006 -0.277 0.010  19.192 12.200 20.751
# collide dist=8.31e-02
56 19.192 12.200 20.751  0.08  -0.002 -0.083 0.003  19.190 12.117 20.753
# collide dist=2.14e-01
57 19.190 12.117 20.753  0.21  0.004 -0.108 0.185  19.194 12.009 20.938
# collide dist=7.36e-01
56 19.194 12.009 20.938  0.74  0.078 -0.094 -0.726  19.272 11.915 20.212
# collide dist=1.32e-01
57 19.272 11.915 20.212  0.13  0.078 -0.055 0.091  19.350 11.859 20.303
# collide dist=5.73e-01
56 19.350 11.859 20.303  0.57  -0.279 0.465 0.186  19.071 12.324 20.489
# collide dist=3.92e-02
57 19.071 12.324 20.489  0.04  -0.032 0.021 -0.006  19.039 12.346 20.483
# collide dist=3.03e+00
56 19.039 12.346 20.483  3.03  -1.370 -2.634 -0.598  17.669 9.712 19.885
57 17.669 9.712 19.885  0.18  0.131 -0.036 0.120  17.800 9.676 20.005
# collide dist=3.52e-01
56 17.800 9.676 20.005  0.35  0.254 -0.069 0.233  18.054 9.608 20.238
57 18.054 9.608 20.238  0.09  -0.054 0.050 -0.048  18.000 9.658 20.190
# collide dist=4.54e-02
56 18.000 9.658 20.190  0.05  -0.028 0.026 -0.025  17.972 9.684 20.165
55 17.972 9.684 20.165  0.05  0.031 0.006 0.035  18.003 9.690 20.200
# collide dist=2.40e-01
56 18.003 9.690 20.200  0.24  0.156 0.030 0.180  18.158 9.719 20.380
57 18.158 9.719 20.380  0.35  -0.091 -0.319 -0.125  18.068 9.400 20.255
# collide dist=1.23e+00
56 18.068 9.400 20.255  1.23  -0.314 -1.108 -0.433  17.754 8.292 19.821
57 17.754 8.292 19.821  0.17  -0.092 -0.092 -0.110  17.662 8.200 19.711
# collide dist=3.05e-01
56 17.662 8.200 19.711  0.30  -0.164 -0.165 -0.197  17.498 8.035 19.515
57 17.498 8.035 19.515  0.12  0.027 -0.038 -0.115  17.525 7.997 19.400
56 17.525 7.997 19.400  1.26  0.275 -0.389 -1.165  17.800 7.608 18.235
# X=92 Y=32 Z=76
# collide dist=1.31e+00
57 17.800 7.608 18.235  1.31  0.287 -0.406 -1.217  18.087 7.202 17.018
32 18.087 7.202 17.018  0.30  0.193 0.141 0.182  18.280 7.343 17.200
# X=106 Y=47 Z=99
# collide dist=1.80e-01
57 18.280 7.343 17.200  0.18  0.116 0.085 0.109  18.395 7.428 17.309
32 18.395 7.428 17.309  0.26  0.198 0.172 -0.033  18.594 7.600 17.276
# collide dist=9.56e-01
57 18.594 7.600 17.276  0.96  0.717 0.621 -0.119  19.310 8.221 17.158
# collide dist=2.03e-01
47 19.310 8.221 17.158  0.20  -0.071 0.188 -0.031  19.240 8.409 17.127
57 19.240 8.409 17.127  0.50  0.039 0.377 -0.327  19.279 8.786 16.800
47 19.279 8.786 16.800  1.22  0.096 0.922 -0.800  19.374 9.708 16.000
# collide dist=3.79e-01
41 19.374 9.708 16.000  0.38  0.030 0.285 -0.248  19.404 9.993 15.752
47 19.404 9.993 15.752  0.21  0.005 -0.193 0.076  19.409 9.800 15.829
41 19.409 9.800 15.829  0.22  0.005 -0.200 0.079  19.414 9.600 15.908
47 19.414 9.600 15.908  1.72  0.040 -1.600 0.632  19.454 8.000 16.539
# X=97 Y=33 Z=85
# collide dist=1.95e-01
57 19.454 8.000 16.539  0.20  0.005 -0.181 0.072  19.459 7.819 16.611
32 19.459 7.819 16.611  0.08  -0.028 -0.019 -0.071  19.431 7.800 16.540
# X=78 Y=26 Z=35
# collide dist=1.09e+00
57 19.431 7.800 16.540  1.09  -0.391 -0.258 -0.988  19.040 7.542 15.551
32 19.040 7.542 15.551  0.11  -0.064 -0.069 0.049  18.976 7.473 15.600
# X=87 Y=28 Z=83
# collide dist=5.92e-01
57 18.976 7.473 15.600  0.59  -0.356 -0.387 0.272  18.620 7.085 15.872
32 18.620 7.085 15.872  0.11  -0.049 -0.085 0.054  18.571 7.000 15.926
# X=90 Y=29 Z=82
# collide dist=3.28e-01
57 18.571 7.000 15.926  0.33  -0.142 -0.250 0.159  18.429 6.750 16.084
32 18.429 6.750 16.084  0.26  0.067 0.250 0.033  18.496 7.000 16.117
# collide dist=1.14e+00
57 18.496 7.000 16.117  1.14  0.293 1.092 0.142  18.789 8.092 16.259
# collide dist=2.03e-01
47 18.789 8.092 16.259  0.20  -0.139 -0.111 0.099  18.650 7.981 16.358
57 18.650 7.981 16.358  0.74  0.399 0.619 -0.054  19.049 8.600 16.304
47 19.049 8.600 16.304  2.50  1.351 2.097 -0.183  20.400 10.697 16.122
# X=112 Y=69 Z=79
# collide dist=6.23e-03
57 20.400 10.697 16.122  0.01  0.003 0.005 -0.000  20.403 10.702 16.121
32 20.403 10.702 16.121  0.14  -0.066 -0.029 -0.121  20.337 10.673 16.000
57 20.337 10.673 16.000  0.47  -0.217 -0.097 -0.400  20.120 10.576 15.600
47 20.120 10.576 15.600  0.26  -0.120 -0.054 -0.221  20.000 10.522 15.379
# collide dist=4.39e-01
57 20.000 10.522 15.379  0.44  -0.205 -0.092 -0.378  19.795 10.430 15.002
52 19.795 10.430 15.002  0.01  0.005 0.006 -0.004  19.800 10.437 14.998
# X=113 Y=70 Z=64
# collide dist=5.54e-01
57 19.800 10.437 14.998  0.55  0.321 0.392 -0.223  20.121 10.829 14.775
32 20.121 10.829 14.775  0.19  -0.121 -0.040 -0.143  20.000 10.789 14.631
# collide dist=8.30e-01
57 20.000 10.789 14.631  0.83  -0.522 -0.174 -0.621  19.478 10.614 14.010
52 19.478 10.614 14.010  0.02  -0.008 -0.014 -0.018  19.470 10.600 13.992
# collide dist=4.45e+00
57 19.470 10.600 13.992  4.45  -1.381 -2.625 -3.314  18.089 7.975 10.677
52 18.089 7.975 10.677  0.20  -0.007 0.183 -0.077  18.082 8.158 10.600
57 18.082 8.158 10.600  0.48  -0.017 0.442 -0.186  18.065 8.600 10.414
# collide dist=2.31e-01
52 18.065 8.600 10.414  0.23  -0.008 0.213 -0.090  18.056 8.813 10.324
57 18.056 8.813 10.324  0.11  -0.056 -0.077 0.051  18.000 8.736 10.374
# collide dist=6.26e-01
52 18.000 8.736 10.374  0.63  -0.326 -0.446 0.295  17.674 8.290 10.669
57 17.674 8.290 10.669  0.17  0.128 -0.083 -0.069  17.802 8.207 10.600
# collide dist=1.47e-01
52 17.802 8.207 10.600  0.15  0.112 -0.073 -0.060  17.914 8.135 10.540
# X=96 Y=32 Z=57
# collide dist=1.60e-01
57 17.914 8.135 10.540  0.16  0.091 -0.113 0.065  18.005 8.021 10.605
32 18.005 8.021 10.605  0.31  0.140 -0.188 0.195  18.146 7.833 10.800
# X=94 Y=33 Z=59
# collide dist=1.09e+00
57 18.146 7.833 10.800  1.09  0.501 -0.671 0.697  18.647 7.162 11.497
32 18.647 7.162 11.497  0.31  0.153 -0.054 0.264  18.800 7.108 11.761
# X=98 Y=33 Z=66
57 18.800 7.108 11.761  1.92  0.951 -0.335 1.639  19.751 6.772 13.400
32 19.751 6.772 13.400  0.00  0.000 -0.000 0.000  19.751 6.772 13.400
### escape
### CGp=(-3.000,-3.000,-1.000)     CGw=(0.000,0.000,1.000) 
0 28.971 15.000 37.728  0.90  -0.636 0.000 -0.636  28.334 15.000 37.092
0 28.334 15.000 37.092  0.00  -0.000 0.000 -0.000  28.334 15.000 37.092
1 28.334 15.000 37.092  0.10  -0.071 0.000 -0.071  28.263 15.000 37.021
5 28.263 15.000 37.021  1.00  -0.707 0.000 -0.707  27.556 15.000 36.314
# collide dist=6.86e+00
3 27.556 15.000 36.314  6.86  -4.847 0.000 -4.847  22.709 15.000 31.466
3 22.709 15.000 31.466  2.27  -0.746 -1.372 -1.651  21.963 13.628 29.815
1 21.963 13.628 29.815  1.35  -0.445 -0.817 -0.984  21.519 12.811 28.832
1 21.519 12.811 28.832  0.00  -0.000 -0.000 -0.000  21.519 12.811 28.832
#  entering Box at 2.80
0 21.519 12.811 28.832  2.80  -0.918 -1.688 -2.032  20.600 11.123 26.800
32 20.600 11.123 26.800  0.00  -0.000 -0.000 -0.000  20.600 11.123 26.800
#  entering Box at 0.00
0 20.600 11.123 26.800  0.00  -0.000 -0.000 -0.000  20.600 11.123 26.800
32 20.600 11.123 26.800  5.50  -1.807 -3.323 -3.999  18.793 7.800 22.801
# X=93 Y=38 Z=114
57 18.793 7.800 22.801  0.00  -0.000 -0.001 -0.001  18.793 7.799 22.800
32 18.793 7.799 22.800  0.28  -0.090 -0.166 -0.200  18.703 7.633 22.600
# X=93 Y=37 Z=112
57 18.703 7.633 22.600  0.28  -0.090 -0.166 -0.200  18.612 7.467 22.400
32 18.612 7.467 22.400  0.04  -0.012 -0.023 -0.027  18.600 7.444 22.373
# X=87 Y=26 Z=99
# collide dist=1.13e+00
57 18.600 7.444 22.373  1.13  -0.372 -0.683 -0.822  18.228 6.761 21.550
32 18.228 6.761 21.550  0.07  -0.062 0.039 0.015  18.167 6.800 21.565
57 18.167 6.800 21.565  1.65  -1.367 0.866 0.326  16.800 7.666 21.891
# collide dist=1.18e+00
56 16.800 7.666 21.891  1.18  -0.974 0.617 0.232  15.826 8.283 22.123
57 15.826 8.283 22.123  0.22  0.174 -0.100 -0.101  16.000 8.183 22.022
56 16.000 8.183 22.022  1.38  1.069 -0.613 -0.622  17.069 7.570 21.400
# X=95 Y=32 Z=101
# collide dist=7.83e-01
57 17.069 7.570 21.400  0.78  0.606 -0.348 -0.353  17.675 7.222 21.047
32 17.675 7.222 21.047  0.14  -0.129 -0.022 0.059  17.547 7.200 21.106
# collide dist=6.66e-02
57 17.547 7.200 21.106  0.07  -0.060 -0.010 0.027  17.487 7.190 21.133
56 17.487 7.190 21.133  0.26  0.252 -0.005 0.067  17.739 7.185 21.200
# X=95 Y=35 Z=107
# collide dist=5.87e-01
57 17.739 7.185 21.200  0.59  0.567 -0.011 0.150  18.306 7.174 21.350
32 18.306 7.174 21.350  0.39  0.042 -0.374 -0.105  18.349 6.800 21.245
# X=92 Y=31 Z=105
57 18.349 6.800 21.245  0.63  0.067 -0.600 -0.168  18.416 6.200 21.077
32 18.416 6.200 21.077  0.00  0.000 -0.000 -0.000  18.416 6.200 21.077
### escape
