#  CGsera
# i m j dist  px py pz    dx dy dz
 ntry=0
1 0 1 1.8494e-01  0.000 0.000 75.900  0.091 -0.126 0.100
 ntry=1
1 0 3 4.1260e+00  0.000 0.000 75.900  0.016 -3.662 -1.900
3 1 3 4.7686e+00  0.016 -3.662 74.000  2.598 3.610 1.720
3 1 3 3.0085e+00  2.615 -0.053 75.720  -2.320 -0.843 -1.720
3 1 3 4.4820e+00  0.295 -0.895 74.000  -2.599 3.221 1.720
3 1 1 7.9722e-01  -2.304 2.326 75.720  0.052 0.745 0.280
 ntry=2
1 0 1 1.6441e+00  0.000 0.000 75.900  -1.594 0.388 0.100
1 0 3 2.2062e+00  -1.594 0.388 76.000  0.855 -0.370 -2.000
3 1 5 2.5767e+01  -0.740 0.018 74.000  25.740 -0.052 -1.181
5 2 1 7.7119e+00  25.000 -0.034 72.819  3.735 -5.950 3.181
1 0 1 8.9624e+00  28.735 -5.984 76.000  6.265 3.178 -5.565
1 0 17 5.6787e+01  35.000 -2.805 70.435  -17.016 27.062 -46.935
17 4 17 3.2198e+01  17.984 24.256 23.500  -26.687 -0.683 18.000
17 4 1 4.5112e+01  -8.704 23.573 41.500  43.704 0.459 11.175
1 0 1 2.1147e+01  35.000 24.032 52.675  -16.417 10.968 7.575
 ntry=3
1 0 3 1.9271e+00  0.000 0.000 75.900  0.205 -0.249 -1.900
3 1 3 1.7571e+00  0.205 -0.249 74.000  -0.040 -0.357 1.720
3 1 1 4.7199e-01  0.165 -0.606 75.720  0.195 -0.326 0.280
1 0 3 4.6426e+00  0.360 -0.932 76.000  1.327 -3.974 -2.000
3 1 3 2.1732e+00  1.687 -4.906 74.000  1.325 -0.097 1.720
3 1 3 2.3536e+00  3.012 -5.003 75.720  0.152 1.599 -1.720
3 1 3 1.0470e+01  3.163 -3.403 74.000  -4.036 9.653 0.380
3 1 3 1.3991e-15  -0.872 6.250 74.380  0.000 0.000 0.000
3 1 3 5.6929e-01  -0.872 6.250 74.380  0.357 -0.227 -0.380
3 1 3 1.7636e+00  -0.515 6.023 74.000  -0.333 -0.202 1.720
3 1 1 8.1252e+00  -0.848 5.821 75.720  2.977 -7.555 0.280
1 0 3 3.5951e+00  2.129 -1.735 76.000  -2.987 -0.026 -2.000
3 1 5 2.9278e+01  -0.858 -1.761 74.000  -24.142 13.722 -9.279
5 2 5 8.3339e+00  -25.000 11.962 64.721  3.246 -6.967 -3.221
5 2 1 4.7417e+01  -21.754 4.995 61.500  24.642 -39.995 -6.446
 ntry=4
1 0 3 2.0597e+00  0.000 0.000 75.900  -0.625 -0.492 -1.900
3 1 3 1.9975e+00  -0.625 -0.492 74.000  -0.965 -0.318 1.720
3 1 1 3.0134e-01  -1.590 -0.810 75.720  0.040 0.104 0.280
 ntry=5
1 0 3 2.0545e+00  0.000 0.000 75.900  0.781 -0.034 -1.900
3 1 3 6.4451e+00  0.781 -0.034 74.000  -0.962 -6.216 1.406
3 1 5 2.8036e+01  -0.181 -6.250 75.406  -24.819 -1.762 -12.922
5 2 1 1.8536e+01  -25.000 -8.012 62.484  -3.952 -12.054 13.516
 ntry=6
1 0 3 3.8332e+00  0.000 0.000 75.900  -3.317 -0.283 -1.900
3 1 3 2.0327e+00  -3.317 -0.283 74.000  0.815 0.713 1.720
3 1 1 4.6380e-01  -2.502 0.430 75.720  -0.364 0.067 0.280
1 0 1 3.2147e+01  -2.865 0.498 76.000  -32.135 -0.741 -0.494
 ntry=7
1 0 1 5.1660e-01  0.000 0.000 75.900  -0.368 0.348 0.100
1 0 3 2.3058e+00  -0.368 0.348 76.000  -0.843 -0.779 -2.000
3 1 5 2.6625e+01  -1.211 -0.431 74.000  4.114 25.431 -6.725
5 2 5 6.6997e+00  2.903 25.000 67.275  -3.375 -0.376 -5.775
5 2 1 3.5630e+01  -0.472 24.624 61.500  35.472 1.748 -2.855
 ntry=8
1 0 1 1.5345e+00  0.000 0.000 75.900  -1.344 -0.734 0.100
 ntry=9
1 0 1 1.7668e-01  0.000 0.000 75.900  0.005 0.146 0.100
 ntry=10
1 0 1 4.9114e-01  0.000 0.000 75.900  -0.377 -0.299 0.100
 ntry=11
1 0 1 1.5295e-01  0.000 0.000 75.900  0.062 -0.098 0.100
 ntry=12
1 0 1 6.5902e-01  0.000 0.000 75.900  -0.651 0.019 0.100
 ntry=13
1 0 3 2.0122e+00  0.000 0.000 75.900  -0.506 0.428 -1.900
3 1 5 3.1558e+01  -0.506 0.428 74.000  17.610 -25.428 -6.265
5 2 1 2.1224e+01  17.104 -25.000 67.735  -17.129 -10.000 7.555
 ntry=14
1 0 1 4.8793e-01  0.000 0.000 75.900  0.044 0.475 0.100
 ntry=15
1 0 1 1.7194e-01  0.000 0.000 75.900  0.106 -0.091 0.100
 ntry=16
1 0 3 8.6490e+00  0.000 0.000 75.900  -8.500 -1.363 -0.834
3 1 3 1.5329e+00  -8.500 -1.363 75.066  0.919 0.608 -1.066
3 1 3 3.1615e+00  -7.581 -0.755 74.000  2.004 1.738 1.720
3 1 3 3.9173e+00  -5.577 0.984 75.720  -2.923 -2.596 -0.258
3 1 3 2.5052e+00  -8.500 -1.612 75.462  0.112 2.031 -1.462
3 1 3 3.2576e-01  -8.388 0.419 74.000  -0.112 -0.104 0.288
3 1 1 2.7988e+00  -8.500 0.315 74.288  -2.087 -0.737 1.712
 ntry=17
1 0 3 2.1589e+00  0.000 0.000 75.900  -0.589 0.839 -1.900
3 1 5 1.5872e+01  -0.589 0.839 74.000  3.743 9.037 -12.500
5 2 5 3.8803e+01  3.155 9.876 61.500  -14.095 -34.876 9.520
5 2 1 1.0322e+01  -10.941 -25.000 71.020  -8.261 -3.673 4.980
1 0 5 2.0819e+01  -19.202 -28.673 76.000  3.365 14.555 -14.500
5 2 9 3.7419e+01  -15.837 -14.118 61.500  22.725 27.414 -11.500
9 3 17 3.1062e+01  6.888 13.296 50.000  15.142 -5.771 -26.500
17 4 33 5.9980e+00  22.030 7.525 23.500  2.057 2.597 -5.000
65 7 64 1.9585e+01  24.087 10.122 18.500  1.724 6.194 -18.500
64 6 64 3.1213e+01  25.810 16.316 0.000  -23.674 18.784 7.808
 ntry=18
1 0 1 8.5175e-01  0.000 0.000 75.900  -0.161 0.830 0.100
1 0 3 4.9332e+00  -0.161 0.830 76.000  -4.001 -2.080 -2.000
3 1 3 4.8334e+00  -4.162 -1.250 74.000  -0.864 -4.434 1.720
3 1 1 4.8792e-01  -5.026 -5.683 75.720  -0.068 0.394 0.280
1 0 3 2.6075e+00  -5.094 -5.290 76.000  -1.077 1.280 -2.000
3 1 3 2.7763e+00  -6.170 -4.009 74.000  -2.330 -0.068 1.509
3 1 3 2.2982e+00  -8.500 -4.077 75.509  0.737 -2.173 0.127
3 1 5 1.7841e+01  -7.763 -6.250 75.636  -17.237 -0.450 -4.578
5 2 5 3.2559e+01  -25.000 -6.700 71.058  1.612 31.083 -9.558
5 2 17 3.8443e+01  -23.388 24.383 61.500  7.469 9.617 -36.464
17 4 17 1.8669e+01  -15.919 34.000 25.036  8.802 -0.056 16.464
17 4 17 4.7773e+01  -7.117 33.944 41.500  41.117 -24.218 -2.260
17 4 17 2.3126e+01  34.000 9.726 39.240  -2.599 -16.742 -15.740
17 4 17 4.2841e+00  31.401 -7.017 23.500  2.599 3.345 0.640
17 4 17 3.3800e+01  34.000 -3.672 24.140  -28.383 -5.953 17.360
17 4 17 4.0452e+01  5.617 -9.625 41.500  28.383 -23.203 -17.099
17 4 17 3.4888e+00  34.000 -32.827 24.401  -0.554 -1.173 3.239
17 4 17 1.1976e+00  33.446 -34.000 27.640  0.554 0.331 -1.009
17 4 1 1.1038e+00  34.000 -33.669 26.631  1.000 0.210 -0.417
 ntry=19
1 0 1 4.2854e-01  0.000 0.000 75.900  -0.169 -0.381 0.100
1 0 3 2.3449e+00  -0.169 -0.381 76.000  1.079 -0.579 -2.000
3 1 3 3.2348e+00  0.910 -0.960 74.000  2.481 -1.163 1.720
3 1 3 3.1043e+00  3.391 -2.123 75.720  -2.521 0.566 -1.720
3 1 5 2.8269e+01  0.870 -1.556 74.000  -10.887 22.899 -12.500
5 2 5 9.6710e+00  -10.017 21.343 61.500  0.131 3.657 8.952
5 2 1 1.5609e+01  -9.886 25.000 70.452  11.039 10.000 4.666
 ntry=20
1 0 3 1.9162e+00  0.000 0.000 75.900  0.219 0.118 -1.900
3 1 3 5.7147e+00  0.219 0.118 74.000  4.545 -3.007 1.720
3 1 3 2.1856e+00  4.764 -2.889 75.720  1.182 -0.649 -1.720
3 1 3 3.8528e+00  5.946 -3.538 74.000  -3.238 1.183 1.720
3 1 1 8.8502e-01  2.708 -2.355 75.720  0.107 0.833 0.280
1 0 3 2.5482e+00  2.815 -1.522 76.000  -0.075 1.577 -2.000
3 1 3 2.1685e+00  2.739 0.055 74.000  -0.252 1.296 1.720
3 1 1 3.2753e+01  2.487 1.351 75.720  32.513 3.954 0.069
 ntry=21
1 0 1 3.9136e-01  0.000 0.000 75.900  0.325 0.194 0.100
 ntry=22
1 0 3 2.1228e+00  0.000 0.000 75.900  0.410 0.854 -1.900
3 1 5 2.7237e+01  0.410 0.854 74.000  24.590 11.466 -2.396
5 2 1 2.0201e+01  25.000 12.319 71.604  7.135 18.380 4.396
1 0 17 7.6938e+01  32.135 30.699 76.000  0.773 -64.699 -41.627
17 4 17 1.1072e+01  32.908 -34.000 34.373  -8.441 0.732 7.127
17 4 17 2.3717e+01  24.467 -33.268 41.500  -15.436 0.495 -18.000
17 4 17 1.8909e+01  9.031 -32.773 23.500  5.723 0.888 18.000
17 4 1 4.1800e+00  14.754 -31.885 41.500  0.016 -3.115 2.787
 ntry=23
1 0 3 2.0201e+00  0.000 0.000 75.900  -0.393 0.562 -1.900
3 1 3 4.9410e+00  -0.393 0.562 74.000  1.492 4.385 1.720
3 1 3 2.8193e+00  1.099 4.947 75.720  -2.090 1.303 -1.372
3 1 3 1.8966e+00  -0.991 6.250 74.348  0.659 -1.132 1.372
3 1 1 3.1326e-01  -0.333 5.118 75.720  -0.134 0.043 0.280
 ntry=24
1 0 3 4.5054e+00  0.000 0.000 75.900  -3.923 -1.139 -1.900
3 1 3 3.3816e+00  -3.923 -1.139 74.000  -0.236 2.902 1.720
3 1 1 3.0822e-01  -4.159 1.763 75.720  -0.105 -0.074 0.280
1 0 3 2.8071e+00  -4.264 1.688 76.000  1.964 0.155 -2.000
3 1 5 1.5276e+01  -2.300 1.844 74.000  7.491 4.583 -12.500
5 2 9 3.1566e+01  5.191 6.427 61.500  -29.191 8.080 -8.890
9 3 9 4.8133e+01  -24.000 14.507 52.610  48.000 3.297 1.383
9 3 1 1.1926e+01  24.000 17.803 53.993  11.000 -3.902 -2.450
 ntry=25
1 0 3 5.7997e+00  0.000 0.000 75.900  -5.412 -0.859 -1.900
3 1 3 3.1290e+00  -5.412 -0.859 74.000  -3.088 -0.503 0.003
3 1 3 2.1289e+00  -8.500 -1.363 74.003  1.243 0.194 1.717
3 1 1 4.7320e-01  -7.257 -1.169 75.720  -0.356 -0.136 0.280
 ntry=26
1 0 3 2.1434e+00  0.000 0.000 75.900  -0.604 0.787 -1.900
3 1 3 1.7329e+00  -0.604 0.787 74.000  -0.123 0.172 1.720
3 1 3 7.1769e+00  -0.726 0.960 75.720  4.744 5.290 -1.004
3 1 3 1.0601e+00  4.018 6.250 74.716  0.757 -0.196 -0.716
3 1 5 1.3853e+01  4.775 6.054 74.000  -1.445 -5.794 -12.500
5 2 5 1.3640e+01  3.330 0.260 61.500  -3.412 6.494 11.500
5 2 3 3.1123e+00  -0.082 6.753 73.000  1.330 -0.720 2.720
3 1 3 1.7529e+00  1.248 6.033 75.720  0.278 0.193 -1.720
3 1 3 5.4983e-01  1.526 6.226 74.000  -0.480 0.024 0.267
3 1 5 2.0270e+01  1.046 6.250 74.267  5.264 14.839 -12.767
5 2 5 5.6975e+00  6.310 21.089 61.500  -4.113 3.911 0.493
5 2 1 1.6539e+01  2.197 25.000 61.993  12.671 10.000 -3.603
 ntry=27
1 0 1 1.7174e-01  0.000 0.000 75.900  -0.064 0.124 0.100
1 0 3 3.0934e+00  -0.064 0.124 76.000  1.853 1.461 -2.000
3 1 5 2.6791e+01  1.789 1.585 74.000  -1.897 -26.585 -2.721
5 2 5 3.3955e+00  -0.108 -25.000 71.279  -2.918 0.230 1.721
5 2 5 5.9274e-01  -3.026 -24.770 73.000  0.411 -0.230 -0.360
5 2 1 1.8017e+01  -2.615 -25.000 72.640  14.977 -10.000 0.573
 ntry=28
1 0 1 1.4275e-01  0.000 0.000 75.900  -0.040 -0.094 0.100
 ntry=29
1 0 3 6.4232e+00  0.000 0.000 75.900  -1.454 -6.250 -0.285
3 1 3 2.3366e+00  -1.454 -6.250 75.615  1.138 1.248 -1.615
3 1 5 3.2788e+01  -0.315 -5.002 74.000  25.315 -19.882 -6.237
5 2 5 3.7913e+01  25.000 -24.885 67.763  -15.119 34.372 5.237
5 2 1 6.2618e+00  9.881 9.487 73.000  2.608 4.838 3.000
1 0 1 2.8750e+01  12.489 14.326 76.000  22.511 -17.315 -4.470
 ntry=30
1 0 3 4.9326e+00  0.000 0.000 75.900  4.363 -1.299 -1.900
3 1 3 1.7870e+00  4.363 -1.299 74.000  -0.407 0.263 1.720
3 1 3 6.2345e+00  3.956 -1.036 75.720  -3.129 -5.214 -1.374
3 1 5 1.4527e+01  0.827 -6.250 74.346  1.754 -6.552 -12.846
5 2 5 1.9972e+01  2.581 -12.802 61.500  -15.138 -6.122 11.500
5 2 5 9.2217e+00  -12.557 -18.925 73.000  6.446 -6.075 -2.564
5 2 5 1.2720e+01  -6.111 -25.000 70.436  -8.125 3.994 -8.936
5 2 5 4.9442e+01  -14.236 -21.006 61.500  39.236 29.924 3.092
5 2 1 1.0480e+01  25.000 8.919 64.592  10.000 -1.795 2.571
1 0 1 1.5986e+01  35.000 7.124 67.164  -6.392 -11.687 8.836
 ntry=31
1 0 1 3.0686e-01  0.000 0.000 75.900  0.189 0.220 0.100
 ntry=32
1 0 1 3.7505e-01  0.000 0.000 75.900  -0.020 0.361 0.100
 ntry=33
1 0 1 3.6644e-01  0.000 0.000 75.900  0.169 0.309 0.100
 ntry=34
1 0 1 1.7299e-01  0.000 0.000 75.900  -0.079 0.117 0.100
 ntry=35
1 0 3 9.2429e+00  0.000 0.000 75.900  6.788 6.250 -0.540
1 0 5 2.4497e+01  6.788 6.250 75.360  -19.700 4.462 -13.860
5 2 5 1.5931e+01  -12.912 10.712 61.500  -2.116 10.819 11.500
5 2 1 3.0871e+00  -15.029 21.532 73.000  0.675 -0.274 3.000
1 0 1 2.0857e+01  -14.354 21.258 76.000  -20.646 -2.058 -2.134
1 0 1 1.0428e+01  -35.000 19.200 73.866  8.954 4.900 2.134
 ntry=36
1 0 1 2.6144e-01  0.000 0.000 75.900  0.046 -0.237 0.100
1 0 3 2.3698e+00  0.046 -0.237 76.000  -0.771 -1.011 -2.000
3 1 3 2.7813e+00  -0.725 -1.248 74.000  -1.949 -0.990 1.720
3 1 3 8.6313e+00  -2.674 -2.238 75.720  1.235 8.488 -0.965
1 0 3 1.1996e+01  -1.438 6.250 74.755  0.032 -11.957 0.965
3 1 3 1.9847e+00  -1.406 -5.707 75.720  -0.382 0.914 -1.720
3 1 3 2.6086e+00  -1.788 -4.793 74.000  1.695 -1.457 1.346
3 1 5 1.5715e+01  -0.094 -6.250 75.346  -6.309 -3.932 -13.846
5 2 1 3.1915e+01  -6.403 -10.182 61.500  -28.597 13.568 -4.084
 ntry=37
1 0 3 9.1729e+00  0.000 0.000 75.900  -8.500 3.357 -0.791
3 1 3 6.8640e-01  -8.500 3.357 75.109  0.305 0.072 0.611
3 1 3 3.4631e-01  -8.195 3.428 75.720  -0.305 0.160 -0.035
3 1 1 4.7403e+00  -8.500 3.589 75.685  -3.987 -2.545 0.315
1 0 5 1.3723e+01  -12.487 1.044 76.000  -12.513 0.240 -5.629
5 2 1 7.6828e+00  -25.000 1.284 70.371  -4.316 2.951 5.629
1 0 1 8.2873e+00  -29.316 4.235 76.000  -5.684 4.883 -3.541
1 0 5 1.6291e+01  -35.000 9.117 72.459  13.786 -8.664 0.541
5 2 5 4.2524e+00  -21.214 0.453 73.000  -3.786 -1.497 -1.229
5 2 5 1.5888e+01  -25.000 -1.044 71.771  11.161 -4.730 -10.271
5 2 1 4.5283e+01  -13.839 -5.774 61.500  -19.664 40.774 -1.161
1 0 1 1.5959e+00  -33.503 35.000 60.339  -1.497 -0.115 -0.542
 ntry=38
1 0 3 2.6414e+00  0.000 0.000 75.900  0.633 1.722 -1.900
3 1 5 2.0156e+01  0.633 1.722 74.000  -15.637 -2.346 -12.500
5 2 9 2.1474e+01  -15.004 -0.624 61.500  10.574 14.733 -11.500
9 3 9 9.0318e+00  -4.430 14.109 50.000  4.521 6.011 5.000
9 3 1 3.6698e+01  0.091 20.120 55.000  -35.091 8.007 7.158
1 0 1 6.3393e+01  -35.000 28.127 62.158  4.052 -63.127 -4.156
 ntry=39
1 0 3 6.2044e+00  0.000 0.000 75.900  -5.752 1.340 -1.900
3 1 3 7.7159e+00  -5.752 1.340 74.000  -1.318 -7.590 0.444
3 1 3 1.7348e+00  -7.070 -6.250 74.444  0.870 0.790 1.276
3 1 1 3.8901e-01  -6.200 -5.460 75.720  -0.151 -0.224 0.280
1 0 3 8.2710e+00  -6.351 -5.684 76.000  4.861 6.386 -2.000
3 1 5 2.3860e+01  -1.489 0.701 74.000  -23.511 1.889 -3.605
5 2 5 3.9998e+00  -25.000 2.591 70.395  1.182 -2.795 2.605
5 2 5 3.0561e+01  -23.818 -0.204 73.000  14.549 -24.796 -10.367
5 2 1 1.5036e+01  -9.269 -25.000 62.633  1.963 -6.599 13.367
 ntry=40
1 0 3 3.1409e+00  0.000 0.000 75.900  0.922 2.325 -1.900
3 1 3 5.4866e+00  0.922 2.325 74.000  5.199 0.345 1.720
3 1 3 1.6138e+01  6.120 2.670 75.720  -14.620 -6.801 -0.647
3 1 1 2.7534e+01  -8.500 -4.131 75.073  -26.500 6.768 -3.176
1 0 1 1.1734e+01  -35.000 2.637 71.896  10.496 -3.269 4.104
 ntry=41
1 0 3 6.3895e+00  0.000 0.000 75.900  0.670 -6.250 -1.146
3 1 5 2.2777e+01  0.670 -6.250 74.754  11.545 -18.750 -5.825
5 2 5 7.9178e+00  12.215 -25.000 68.928  4.144 5.380 4.072
5 2 5 2.5308e+01  16.359 -19.620 73.000  -10.857 19.758 -11.500
5 2 9 2.5738e+01  5.502 0.138 61.500  -19.655 -11.995 -11.500
9 3 9 3.6948e+01  -14.153 -11.857 50.000  7.837 35.857 4.239
9 3 9 1.1370e-14  -6.316 24.000 54.239  -0.000 0.000 -0.000
9 3 1 2.3709e+01  -6.316 24.000 54.239  -17.073 11.000 -12.232
 ntry=42
1 0 3 2.6978e+00  0.000 0.000 75.900  -1.910 -0.144 -1.900
3 1 5 3.0162e+01  -1.910 -0.144 74.000  26.910 -8.078 -10.972
5 2 5 6.8662e+00  25.000 -8.222 63.028  -4.176 5.232 -1.528
5 2 17 3.1927e+01  20.824 -2.990 61.500  13.176 -16.196 -24.155
17 4 17 4.2683e+01  34.000 -19.186 37.345  -16.210 36.978 -13.845
17 4 17 1.8420e+01  17.790 17.792 23.500  8.746 16.208 0.349
17 4 1 1.7288e+00  26.536 34.000 23.849  -1.400 1.000 0.171
1 0 1 3.0750e+01  25.136 35.000 24.020  9.864 -1.610 29.081
 ntry=43
1 0 1 1.0763e-01  0.000 0.000 75.900  -0.024 -0.032 0.100
1 0 3 8.5267e+00  -0.024 -0.032 76.000  5.514 -6.189 -2.000
3 1 3 1.8543e+00  5.490 -6.221 74.000  -0.693 -0.013 1.720
3 1 3 5.6149e+00  4.798 -6.234 75.720  2.712 4.606 -1.720
3 1 3 7.7917e+00  7.510 -1.628 74.000  -6.714 -3.560 1.720
3 1 1 5.3445e-01  0.796 -5.188 75.720  -0.305 -0.338 0.280
1 0 3 1.7611e+00  0.491 -5.526 76.000  -1.480 -0.724 -0.622
3 1 1 1.6971e+00  -0.989 -6.250 75.378  -0.983 -1.235 0.622
 ntry=44
1 0 1 2.9110e-01  0.000 0.000 75.900  -0.136 -0.237 0.100
1 0 3 2.5197e+00  -0.136 -0.237 76.000  -0.532 1.437 -2.000
3 1 3 3.7031e+00  -0.668 1.200 74.000  3.035 1.242 1.720
3 1 3 1.7698e+00  2.368 2.442 75.720  -0.280 0.309 -1.720
3 1 3 4.1868e+00  2.087 2.751 74.000  -1.530 -3.497 1.720
3 1 1 1.2563e+00  0.557 -0.746 75.720  1.074 0.588 0.280
1 0 3 3.7125e+00  1.632 -0.159 76.000  3.113 0.302 -2.000
3 1 3 3.2086e+00  4.745 0.143 74.000  -2.655 0.539 1.720
3 1 1 3.6581e-01  2.090 0.681 75.720  -0.169 0.164 0.280
 ntry=45
1 0 3 7.1537e+00  0.000 0.000 75.900  -3.619 5.871 -1.900
3 1 5 3.2524e+01  -3.619 5.871 74.000  28.619 -14.087 -6.349
1 0 5 7.9600e+00  25.000 -8.216 67.651  -2.718 4.258 -6.151
5 2 1 3.5749e+01  22.282 -3.958 61.500  -16.120 -31.042 -7.380
 ntry=46
1 0 3 6.3465e+00  0.000 0.000 75.900  -0.339 6.250 -1.049
3 1 3 2.3208e+00  -0.339 6.250 74.851  -1.033 -1.888 0.869
3 1 1 1.2021e+00  -1.372 4.362 75.720  0.869 -0.782 0.280
 ntry=47
1 0 3 3.1773e+00  0.000 0.000 75.900  -0.336 2.524 -1.900
3 1 3 8.3533e+00  -0.336 2.524 74.000  -8.164 1.096 1.387
3 1 1 6.5986e-01  -8.500 3.620 75.387  -0.162 -0.182 0.613
 ntry=48
1 0 1 3.9929e-01  0.000 0.000 75.900  0.274 0.273 0.100
1 0 3 4.9669e+00  0.274 0.273 76.000  -2.320 -3.910 -2.000
3 1 3 2.5185e+00  -2.046 -3.637 74.000  -1.776 0.480 1.720
3 1 3 3.2180e+00  -3.822 -3.157 75.720  2.190 1.613 -1.720
3 1 5 2.5591e+01  -1.632 -1.545 74.000  -9.345 -23.455 -4.177
5 2 5 1.8588e+01  -10.976 -25.000 69.823  12.048 13.794 3.177
5 2 1 4.7433e+00  1.072 -11.206 73.000  2.927 2.221 3.000
1 0 1 3.6634e+01  3.998 -8.984 76.000  31.002 -19.443 -1.713
1 0 1 2.5461e+01  35.000 -28.427 74.287  -0.862 -6.573 -24.583
1 0 1 1.4659e+00  34.138 -35.000 49.704  0.862 0.711 0.949
 ntry=49
1 0 1 3.4560e-01  0.000 0.000 75.900  0.162 -0.289 0.100
1 0 3 3.0438e+00  0.162 -0.289 76.000  2.292 0.110 -2.000
3 1 5 2.8515e+01  2.454 -0.178 74.000  -19.680 16.417 -12.500
5 2 9 1.2057e+01  -17.227 16.239 61.500  -2.000 7.761 -9.008
9 3 9 3.7144e+00  -19.227 24.000 52.492  2.523 -1.104 -2.492
9 3 9 1.1169e+00  -16.703 22.896 50.000  0.137 1.104 0.103
9 3 1 1.4755e+01  -16.566 24.000 50.103  -9.830 11.000 -0.316
1 0 1 3.5945e+01  -26.396 35.000 49.787  -1.448 -24.552 26.213
1 0 5 5.4267e+01  -27.844 10.448 76.000  52.844 0.738 -12.326
5 2 5 9.4372e+00  25.000 11.186 63.674  -0.310 1.410 9.326
5 2 1 1.4980e+01  24.690 12.595 73.000  3.347 -14.290 3.000
 ntry=50
1 0 1 1.9390e-01  0.000 0.000 75.900  -0.163 0.032 0.100
 ntry=51
1 0 1 2.2665e-01  0.000 0.000 75.900  -0.164 0.121 0.100
 ntry=52
1 0 3 5.5420e+00  0.000 0.000 75.900  -2.998 4.256 -1.900
3 1 3 1.8653e+00  -2.998 4.256 74.000  0.106 0.714 1.720
3 1 3 1.2918e+00  -2.892 4.970 75.720  0.171 1.280 -0.046
3 1 3 8.9433e-02  -2.721 6.250 75.674  -0.066 -0.039 0.046
3 1 3 6.9414e+00  -2.787 6.211 75.720  -5.713 -3.934 -0.262
3 1 3 6.0061e+00  -8.500 2.277 75.458  2.667 -5.180 -1.458
3 1 5 1.7969e+01  -5.833 -2.903 74.000  -11.601 5.662 -12.500
5 2 9 4.5174e+01  -17.434 2.759 61.500  41.434 -14.858 -10.159
9 3 9 1.2303e+01  24.000 -12.099 51.341  -2.108 -11.901 2.302
9 3 9 3.5527e+00  21.892 -24.000 53.644  0.029 3.283 1.356
9 3 5 1.5574e+01  21.921 -20.717 55.000  3.079 0.635 15.254
5 2 5 2.9668e+00  25.000 -20.082 70.254  -0.670 -0.901 2.746
5 2 1 7.0280e+00  24.330 -20.983 73.000  4.007 4.933 3.000
 ntry=53
1 0 3 7.5537e+00  0.000 0.000 75.900  5.723 -4.549 -1.900
3 1 3 1.2799e+01  5.723 -4.549 74.000  -6.799 10.799 0.982
3 1 3 2.0669e-15  -1.076 6.250 74.982  -0.000 0.000 0.000
3 1 5 1.5760e+01  -1.076 6.250 74.982  -7.419 3.400 -13.482
5 2 9 1.1891e+01  -8.494 9.650 61.500  -2.967 -0.582 -11.500
9 3 9 5.4333e+00  -11.461 9.069 50.000  -0.397 -2.089 5.000
9 3 1 5.0568e+01  -11.858 6.980 55.000  41.474 28.020 7.205
 ntry=54
1 0 1 1.1006e-01  0.000 0.000 75.900  0.011 0.045 0.100
1 0 3 8.6274e+00  0.011 0.045 76.000  -8.511 -0.328 -1.374
3 1 3 1.2000e+00  -8.500 -0.283 74.626  0.120 0.478 1.094
3 1 1 1.2905e+00  -8.380 0.195 75.720  -1.102 0.610 0.280
1 0 5 1.5099e+01  -9.483 0.805 76.000  3.099 2.851 -14.500
5 2 5 1.8797e+01  -6.383 3.656 61.500  11.429 9.512 11.500
5 2 1 5.0659e+00  5.045 13.168 73.000  0.435 -4.059 3.000
1 0 5 2.7481e+01  5.480 9.109 76.000  12.796 -19.525 -14.500
5 2 1 2.4141e+01  18.276 -10.416 61.500  16.724 -7.734 -15.598
 ntry=55
1 0 3 3.4452e+00  0.000 0.000 75.900  -0.373 -2.850 -1.900
3 1 5 2.6727e+01  -0.373 -2.850 74.000  14.841 -18.380 -12.500
5 2 5 4.2397e+01  14.468 -21.229 61.500  -39.468 11.839 9.982
5 2 5 1.2224e+01  -25.000 -9.391 71.482  3.748 5.979 -9.982
5 2 5 1.2279e+01  -21.252 -3.411 61.500  2.086 -3.766 11.500
5 2 5 6.7765e+00  -19.166 -7.177 73.000  -5.834 1.037 -3.288
5 2 5 5.1011e+00  -25.000 -6.140 69.712  0.419 3.877 3.288
5 2 1 8.9122e+00  -24.581 -2.263 73.000  -2.164 8.108 3.000
1 0 1 1.5901e+01  -26.745 5.845 76.000  -8.255 12.839 -4.457
1 0 1 1.8025e+01  -35.000 18.684 71.543  7.091 16.316 -2.902
 ntry=56
1 0 1 3.4686e-01  0.000 0.000 75.900  -0.100 -0.317 0.100
 ntry=57
1 0 1 1.5625e-01  0.000 0.000 75.900  -0.087 -0.082 0.100
1 0 3 5.4165e+00  -0.087 -0.082 76.000  -3.556 -3.563 -2.000
3 1 5 3.6805e+01  -3.643 -3.645 74.000  22.714 28.645 -4.260
5 2 5 6.0150e-14  19.071 25.000 69.740  0.000 0.000 0.000
5 2 1 1.0200e+01  19.071 25.000 69.740  -5.228 6.125 6.260
1 0 1 9.2571e+00  13.842 31.125 76.000  -8.343 3.875 -1.035
 ntry=58
1 0 1 1.1347e-01  0.000 0.000 75.900  0.035 0.040 0.100
 ntry=59
1 0 1 1.7111e-01  0.000 0.000 75.900  -0.054 0.128 0.100
1 0 3 9.7709e+00  -0.054 0.128 76.000  -7.371 -6.378 -0.673
3 1 3 8.2981e-01  -7.425 -6.250 75.327  -0.217 0.698 0.393
3 1 3 1.6345e+00  -7.643 -5.552 75.720  -0.857 0.275 -1.364
3 1 3 5.0848e-01  -8.500 -5.277 74.356  0.091 0.352 -0.356
3 1 3 1.8889e+00  -8.409 -4.926 74.000  0.719 -0.304 1.720
3 1 1 4.8773e-01  -7.690 -5.230 75.720  -0.393 0.071 0.280
1 0 1 4.0169e+01  -8.083 -5.159 76.000  -0.241 40.159 -0.863
 ntry=60
1 0 3 3.1879e+00  0.000 0.000 75.900  -1.548 -2.039 -1.900
3 1 3 4.5225e+00  -1.548 -2.039 74.000  3.679 1.990 1.720
3 1 1 4.3353e-01  2.131 -0.048 75.720  0.187 0.273 0.280
1 0 3 2.0842e+00  2.317 0.225 76.000  -0.033 -0.585 -2.000
3 1 5 1.5486e+01  2.285 -0.360 74.000  -6.455 -6.473 -12.500
5 2 9 1.7377e+01  -4.170 -6.833 61.500  -12.500 3.668 -11.500
9 3 17 2.7706e+01  -16.670 -3.166 50.000  2.486 7.693 -26.500
17 4 17 2.1907e+01  -14.184 4.527 23.500  -10.841 -6.197 18.000
17 4 1 4.3950e+01  -25.025 -1.670 41.500  0.381 36.670 24.223
 ntry=61
1 0 1 5.5713e-01  0.000 0.000 75.900  0.352 0.420 0.100
1 0 3 3.4198e+00  0.352 0.420 76.000  0.754 2.670 -2.000
3 1 5 2.5664e+01  1.106 3.089 74.000  23.894 -8.759 -3.321
5 2 5 1.0388e+01  25.000 -5.670 70.679  -1.241 -10.049 2.321
5 2 5 5.1859e+01  23.759 -15.718 73.000  -48.759 16.548 -6.172
5 2 5 7.1579e-15  -25.000 0.830 66.828  -0.000 0.000 -0.000
5 2 1 2.0188e+01  -25.000 0.830 66.828  -10.000 16.217 -6.676
1 0 1 1.6876e+01  -35.000 17.048 60.152  4.988 -2.960 15.848
1 0 5 3.1703e+01  -30.012 14.088 76.000  28.572 10.912 -8.343
5 2 5 6.5820e+00  -1.440 25.000 67.657  -0.047 -2.327 -6.157
5 2 1 1.6524e+01  -1.487 22.673 61.500  7.993 12.327 -7.564
 ntry=62
1 0 1 3.7439e-01  0.000 0.000 75.900  0.072 0.353 0.100
 ntry=63
1 0 3 3.5897e+00  0.000 0.000 75.900  3.045 0.053 -1.900
3 1 3 1.9150e+00  3.045 0.053 74.000  -0.653 -0.531 1.720
3 1 3 2.9796e+00  2.392 -0.479 75.720  -0.869 2.273 -1.720
3 1 5 1.6092e+01  1.523 1.794 74.000  -10.114 -0.628 -12.500
5 2 5 1.7826e+01  -8.592 1.166 61.500  -16.408 -6.083 3.397
5 2 5 1.0265e+01  -25.000 -4.917 64.897  0.619 -9.667 -3.397
5 2 9 2.8015e+01  -24.381 -14.584 61.500  19.858 16.071 -11.500
9 3 1 3.7637e+01  -4.524 1.488 50.000  17.073 33.512 -1.424
1 0 17 2.5445e+01  12.550 35.000 48.576  21.450 -8.526 -10.706
17 4 17 6.3784e+01  34.000 26.474 37.871  -18.282 -60.474 -8.781
17 4 17 1.8642e+01  15.718 -34.000 29.089  18.282 1.256 -3.425
17 4 17 1.5873e+01  34.000 -32.744 25.664  -0.658 -0.856 15.836
17 4 17 6.1290e+01  33.342 -33.600 41.500  -52.825 25.336 -18.000
17 4 33 5.4735e+00  -19.483 -8.263 23.500  0.467 -2.177 -5.000
65 7 33 6.1271e+00  -19.016 -10.441 18.500  -4.010 -1.954 4.200
1 0 17 2.4853e+01  -23.027 -12.395 22.700  11.599 -21.605 4.044
17 4 1 1.5279e+00  -11.428 -34.000 26.744  -0.455 -1.000 1.062
1 0 17 5.2002e+00  -11.883 -35.000 27.806  0.499 2.873 -4.306
17 4 65 1.0557e+01  -11.384 -32.127 23.500  -9.208 -1.289 -5.000
65 7 17 3.2318e+01  -20.592 -33.416 18.500  21.038 8.535 23.000
17 4 17 2.1620e+01  0.446 -24.881 41.500  -11.813 -1.971 -18.000
17 4 33 5.8490e+00  -11.367 -26.852 23.500  -2.243 2.045 -5.000
65 7 33 1.7372e+01  -13.610 -24.807 18.500  -2.165 16.717 4.200
1 0 33 4.2572e+00  -15.775 -8.089 22.700  0.222 0.659 -4.200
65 7 64 2.8788e+01  -15.554 -7.431 18.500  -19.546 21.011 -2.282
64 6 65 4.4777e+00  -35.100 13.580 16.218  0.957 3.732 2.282
65 7 64 1.6217e+01  -34.143 17.312 18.500  -0.957 -2.174 -16.042
64 6 64 2.6646e+01  -35.100 15.138 2.458  17.620 19.962 -1.019
 ntry=64
1 0 1 1.1117e-01  0.000 0.000 75.900  -0.014 0.046 0.100
1 0 3 6.7443e+00  -0.014 0.046 76.000  -2.616 6.204 -0.401
3 1 5 1.9361e+01  -2.630 6.250 75.599  -3.033 18.750 -3.753
5 2 5 9.1852e+00  -5.662 25.000 71.847  8.205 -3.964 1.153
5 2 5 2.6571e+01  2.543 21.036 73.000  -2.470 -23.826 -11.500
5 2 5 2.2106e+01  0.073 -2.790 61.500  -18.262 -4.786 11.500
5 2 1 8.3131e+00  -18.189 -7.575 73.000  7.546 -1.777 3.000
 ntry=65
1 0 3 2.7990e+00  0.000 0.000 75.900  -1.312 1.582 -1.900
3 1 3 1.7454e+00  -1.312 1.582 74.000  -0.279 0.102 1.720
3 1 1 3.3633e-01  -1.591 1.684 75.720  0.055 0.178 0.280
1 0 3 8.4226e+00  -1.536 1.862 76.000  -6.964 -4.375 -1.818
3 1 3 1.8788e-01  -8.500 -2.513 74.182  0.042 0.018 -0.182
3 1 5 1.4722e+01  -8.458 -2.494 74.000  -0.947 -7.719 -12.500
5 2 5 1.7937e+01  -9.405 -10.213 61.500  -15.595 7.642 4.486
5 2 5 1.1200e+01  -25.000 -2.572 65.986  0.940 10.219 -4.486
5 2 5 1.5052e+00  -24.060 7.648 61.500  -0.940 -0.802 0.860
5 2 1 1.3990e+01  -25.000 6.846 62.360  -10.000 -9.759 0.683
 ntry=66
1 0 3 4.2207e+00  0.000 0.000 75.900  -2.380 -2.922 -1.900
3 1 3 1.7868e+00  -2.380 -2.922 74.000  -0.476 0.091 1.720
3 1 1 5.2394e-01  -2.856 -2.832 75.720  -0.437 -0.073 0.280
 ntry=67
1 0 3 8.2514e+00  0.000 0.000 75.900  -5.217 6.250 -1.342
3 1 5 1.7140e+01  -5.217 6.250 74.558  1.057 11.052 -13.058
5 2 9 1.0285e+01  -4.161 17.302 61.500  1.190 6.698 -7.714
9 3 17 1.8196e+01  -2.971 24.000 53.786  3.485 10.000 -14.797
17 4 1 1.3509e+00  0.514 34.000 38.988  -0.377 1.000 0.826
 ntry=68
1 0 1 2.8263e-01  0.000 0.000 75.900  -0.040 -0.261 0.100
 ntry=69
1 0 3 2.2613e+00  0.000 0.000 75.900  -0.540 1.101 -1.900
3 1 1 3.4465e+01  -0.540 1.101 74.000  -34.460 -0.409 -0.416
 ntry=70
1 0 1 1.0623e-01  0.000 0.000 75.900  -0.036 -0.004 0.100
1 0 3 6.1357e+00  -0.036 -0.004 76.000  5.470 -1.931 -2.000
3 1 5 2.2561e+01  5.434 -1.935 74.000  19.566 -7.437 -8.419
5 2 5 1.7417e+01  25.000 -9.373 65.581  -7.690 -15.627 -0.091
5 2 1 1.7015e+01  17.310 -25.000 65.490  12.203 -10.000 6.370
1 0 9 3.6027e+01  29.514 -35.000 71.860  -23.935 15.721 -21.860
9 3 9 6.4164e+00  5.578 -19.279 50.000  2.842 2.845 5.000
9 3 1 4.7823e+01  8.420 -16.434 55.000  -43.420 -17.807 9.200
 ntry=71
1 0 3 3.6361e+00  0.000 0.000 75.900  -1.798 -2.525 -1.900
3 1 5 1.5603e+01  -1.798 -2.525 74.000  -5.257 -7.718 -12.500
5 2 9 2.6175e+01  -7.055 -10.243 61.500  20.022 -12.329 -11.500
9 3 9 1.0656e+01  12.966 -22.572 50.000  -0.255 9.406 5.000
9 3 9 2.6506e+01  12.711 -13.166 55.000  11.289 23.980 -0.348
9 3 1 1.1267e+01  24.000 10.814 54.652  11.000 2.344 -0.675
 ntry=72
1 0 3 6.1305e+00  0.000 0.000 75.900  5.506 -1.913 -1.900
3 1 3 3.6093e+00  5.506 -1.913 74.000  -2.589 -1.834 1.720
3 1 3 2.4771e+00  2.916 -3.747 75.720  -0.316 1.754 -1.720
3 1 3 6.6645e+00  2.600 -1.992 74.000  -2.178 6.059 1.720
3 1 1 3.1301e-01  0.422 4.067 75.720  0.082 -0.113 0.280
 ntry=73
1 0 3 2.8199e+00  0.000 0.000 75.900  1.793 -1.062 -1.900
3 1 3 5.4395e+00  1.793 -1.062 74.000  -4.733 -2.056 1.720
3 1 3 1.9258e+00  -2.941 -3.118 75.720  0.730 0.466 -1.720
3 1 5 1.9603e+01  -2.210 -2.653 74.000  -14.894 2.494 -12.500
5 2 9 1.5297e+01  -17.104 -0.159 61.500  -6.896 -10.016 -9.280
9 3 9 3.4518e+01  -24.000 -10.175 52.220  29.790 17.295 -2.220
9 3 17 2.7250e+01  5.790 7.121 50.000  6.069 1.860 -26.500
17 4 1 4.9107e+01  11.859 8.980 23.500  -21.844 -43.980 -0.207
 ntry=74
1 0 1 1.3591e-01  0.000 0.000 75.900  0.023 0.089 0.100
 ntry=75
1 0 1 2.0274e-01  0.000 0.000 75.900  -0.018 -0.175 0.100
1 0 3 5.4257e+00  -0.018 -0.175 76.000  4.916 1.127 -2.000
3 1 3 5.9065e+00  4.898 0.952 74.000  3.602 4.575 0.989
3 1 3 1.4285e+00  8.500 5.527 74.989  -1.211 0.203 0.731
3 1 3 5.2270e-01  7.289 5.730 75.720  0.001 0.520 -0.051
3 1 1 1.4575e+00  7.291 6.250 75.669  -0.389 1.365 0.331
 ntry=76
1 0 3 2.1827e+00  0.000 0.000 75.900  -1.072 -0.071 -1.900
3 1 3 3.1864e+00  -1.072 -0.071 74.000  1.726 -2.053 1.720
3 1 1 6.1353e-01  0.654 -2.124 75.720  0.120 -0.533 0.280
1 0 3 3.7472e+00  0.775 -2.656 76.000  -3.008 -0.998 -2.000
3 1 5 1.8325e+01  -2.233 -3.654 74.000  -2.524 13.159 -12.500
5 2 9 3.0985e+01  -4.757 9.506 61.500  4.159 -28.470 -11.500
9 3 9 6.4504e+00  -0.598 -18.964 50.000  -3.903 -1.171 5.000
9 3 5 4.7918e+01  -4.501 -20.135 55.000  14.075 45.135 7.802
5 2 5 2.4019e+01  9.574 25.000 62.802  13.505 -17.044 10.198
5 2 1 6.0271e+00  23.079 7.956 73.000  5.221 -0.251 3.000
 ntry=77
1 0 1 1.1555e+00  0.000 0.000 75.900  -1.149 0.073 0.100
1 0 3 3.6569e+00  -1.149 0.073 76.000  3.047 -0.299 -2.000
3 1 5 2.0389e+01  1.898 -0.226 74.000  15.680 3.687 -12.500
5 2 5 3.6686e+01  17.578 3.460 61.500  -28.971 21.540 6.528
5 2 17 4.6829e+01  -11.393 25.000 68.028  -13.008 6.407 -44.528
17 4 65 6.7205e+00  -24.400 31.407 23.500  -3.205 -3.145 -5.000
65 7 17 1.0834e+01  -27.605 28.262 18.500  1.792 5.738 9.014
17 4 1 7.8979e+00  -25.813 34.000 27.514  6.288 1.000 4.673
 ntry=78
1 0 1 5.0417e-01  0.000 0.000 75.900  0.216 0.444 0.100
 ntry=79
1 0 3 2.2225e+00  0.000 0.000 75.900  -0.278 1.119 -1.900
3 1 5 2.6251e+01  -0.278 1.119 74.000  25.278 5.642 -4.275
5 2 5 9.4840e+00  25.000 6.761 69.725  -1.945 4.302 -8.225
5 2 5 4.8500e+01  23.055 11.063 61.500  -48.055 4.919 4.340
5 2 5 7.6035e+00  -25.000 15.982 65.840  0.074 2.558 7.160
5 2 1 1.3339e+01  -24.926 18.539 73.000  -10.074 -8.685 1.007
 ntry=80
1 0 3 3.0551e+00  0.000 0.000 75.900  -0.344 2.368 -1.900
3 1 5 2.0491e+01  -0.344 2.368 74.000  0.381 -16.232 -12.500
5 2 5 2.5453e+01  0.037 -13.864 61.500  24.963 4.877 0.968
5 2 1 1.8141e+01  25.000 -8.987 62.468  10.000 -13.058 -7.655
 ntry=81
1 0 1 2.9014e-01  0.000 0.000 75.900  0.217 0.164 0.100
1 0 3 8.3532e+00  0.217 0.164 76.000  8.283 -0.231 -1.058
3 1 3 2.2882e+00  8.500 -0.067 74.942  -1.892 -0.876 -0.942
3 1 5 1.3342e+01  6.608 -0.943 74.000  1.577 -4.390 -12.500
5 2 9 1.1588e+01  8.185 -5.333 61.500  1.415 0.152 -11.500
9 3 9 9.3482e+00  9.600 -5.182 50.000  7.773 1.404 5.000
9 3 5 1.9125e+01  17.373 -3.777 55.000  -4.174 -4.936 18.000
5 2 5 1.5035e+01  13.199 -8.713 73.000  11.801 9.095 -2.022
5 2 1 2.8020e+01  25.000 0.382 70.978  10.000 0.049 -26.175
1 0 9 2.2812e+01  35.000 0.431 44.803  -18.151 9.325 10.197
9 3 9 1.5890e+01  16.849 9.755 55.000  -7.837 12.888 -5.000
9 3 9 9.0994e+00  9.012 22.643 50.000  -7.397 -1.758 5.000
9 3 1 3.3705e+01  1.616 20.885 55.000  33.384 1.745 4.302
1 0 1 2.4121e+01  35.000 22.631 59.302  -18.802 12.369 -8.678
1 0 17 3.2276e+01  16.198 35.000 50.625  -4.842 -16.809 -27.125
1 0 33 5.5753e+00  11.356 18.191 23.500  0.973 -2.266 -5.000
65 7 33 4.3285e+00  12.330 15.924 18.500  -0.981 -0.366 4.200
1 0 33 5.3039e+01  11.349 15.559 22.700  -34.019 -40.559 -3.280
33 5 65 1.2750e+00  -22.671 -25.000 19.420  -0.811 -0.348 -0.920
65 7 33 2.9978e+00  -23.481 -25.348 18.500  -1.519 1.499 2.105
33 5 33 2.4266e+00  -25.000 -23.848 20.605  0.878 -0.854 2.095
1 0 17 9.6074e+00  -24.122 -24.702 22.700  2.178 -9.298 1.051
17 4 17 1.3506e+01  -21.944 -34.000 23.751  -12.056 6.086 0.070
17 4 17 5.0056e+01  -34.000 -27.914 23.821  46.768 -2.423 17.679
17 4 1 4.7142e+01  12.768 -30.336 41.500  -31.983 3.029 34.500
1 0 1 8.0732e+00  -19.215 -27.307 76.000  -1.605 -7.693 -1.848
 ntry=82
1 0 1 4.7850e-01  0.000 0.000 75.900  0.243 -0.400 0.100
 ntry=83
1 0 3 2.0615e+00  0.000 0.000 75.900  0.249 0.760 -1.900
3 1 3 1.9319e+00  0.249 0.760 74.000  0.879 0.035 1.720
3 1 1 3.9638e-01  1.128 0.795 75.720  0.281 0.001 0.280
 ntry=84
1 0 3 5.5257e+00  0.000 0.000 75.900  -4.266 2.954 -1.900
3 1 3 2.0678e+00  -4.266 2.954 74.000  0.847 -0.775 1.720
3 1 3 9.1677e+00  -3.419 2.180 75.720  -3.602 -8.430 -0.111
3 1 3 2.0286e-01  -7.021 -6.250 75.609  -0.096 0.140 0.111
3 1 1 3.6182e-01  -7.117 -6.110 75.720  0.098 0.207 0.280
 ntry=85
1 0 1 1.5115e-01  0.000 0.000 75.900  0.003 -0.113 0.100
1 0 3 2.7766e+00  0.003 -0.113 76.000  -0.089 1.924 -2.000
3 1 5 2.7573e+01  -0.085 1.811 74.000  18.930 15.674 -12.500
5 2 5 2.0999e+01  18.844 17.485 61.500  -17.549 0.863 11.500
5 2 1 2.6660e+01  1.295 18.348 73.000  20.666 16.652 2.527
 ntry=86
1 0 3 2.2972e+00  0.000 0.000 75.900  -1.286 -0.115 -1.900
3 1 5 1.7512e+01  -1.286 -0.115 74.000  -9.298 7.999 -12.500
5 2 9 2.0241e+01  -10.584 7.884 61.500  -13.416 -13.288 -7.287
9 3 9 1.4377e+01  -24.000 -5.404 54.213  13.539 2.377 -4.213
9 3 9 7.0421e+00  -10.461 -3.027 50.000  4.958 -0.077 5.000
9 3 5 3.1441e+01  -5.503 -3.104 55.000  30.503 3.603 6.717
5 2 5 1.4517e+01  25.000 0.499 61.717  -3.169 -8.567 11.283
5 2 1 6.2651e+00  21.831 -8.068 73.000  -5.424 0.914 3.000
 ntry=87
1 0 1 1.5413e-01  0.000 0.000 75.900  -0.004 -0.117 0.100
1 0 3 2.6490e+00  -0.004 -0.117 76.000  -0.472 -1.672 -2.000
3 1 5 2.6189e+01  -0.476 -1.789 74.000  20.369 10.710 -12.500
5 2 1 1.6331e+01  19.893 8.921 61.500  15.107 -5.962 -1.709
1 0 5 1.7531e+01  35.000 2.959 59.791  -10.861 3.861 13.209
5 2 1 1.1883e+01  24.139 6.821 73.000  10.861 4.798 0.478
 ntry=88
1 0 1 1.9751e-01  0.000 0.000 75.900  0.010 0.170 0.100
1 0 3 8.7566e+00  0.010 0.170 76.000  8.490 -1.837 -1.103
3 1 3 1.4080e+00  8.500 -1.667 74.897  -0.390 1.074 0.823
3 1 1 1.8286e+00  8.110 -0.594 75.720  1.800 0.163 0.280
1 0 5 2.0076e+01  9.909 -0.430 76.000  15.091 11.497 -6.568
5 2 1 1.0697e+01  25.000 11.067 69.432  10.000 -3.488 1.504
 ntry=89
1 0 3 2.2473e+00  0.000 0.000 75.900  1.154 -0.328 -1.900
3 1 5 3.1172e+01  1.154 -0.328 74.000  -13.568 25.328 -12.087
5 2 5 1.3500e+00  -12.413 25.000 61.913  0.890 -0.927 -0.413
5 2 1 2.3508e+01  -11.523 24.073 61.500  -23.477 -0.596 -1.061
 ntry=90
1 0 1 1.3351e-01  0.000 0.000 75.900  -0.085 0.023 0.100
1 0 3 6.4779e+00  -0.085 0.023 76.000  1.572 6.227 -0.849
3 1 3 1.7856e+00  1.486 6.250 75.151  0.411 -1.302 -1.151
3 1 3 1.8533e+00  1.897 4.948 74.000  0.679 -0.123 1.720
3 1 3 3.1718e+00  2.576 4.825 75.720  2.533 1.425 -1.270
3 1 3 2.3781e+00  5.109 6.250 74.450  -2.005 -0.155 1.270
3 1 3 4.8455e-01  3.105 6.095 75.720  -0.459 0.155 -0.005
3 1 3 6.8317e-03  2.646 6.250 75.715  -0.004 -0.002 0.005
3 1 3 1.1635e+01  2.641 6.248 75.720  -11.141 -3.008 -1.482
3 1 3 6.0270e+00  -8.500 3.240 74.238  5.189 3.010 0.581
3 1 1 1.2822e+00  -3.311 6.250 74.820  -0.467 0.181 1.180
 ntry=91
1 0 3 6.8096e+00  0.000 0.000 75.900  -2.680 6.250 -0.353
3 1 5 1.8116e+01  -2.680 6.250 75.547  10.334 4.907 -14.047
5 2 9 3.4136e+01  7.654 11.157 61.500  -31.654 8.289 -9.725
9 3 1 2.8493e+01  -24.000 19.446 51.775  -11.000 -26.278 0.550
1 0 17 7.0695e+01  -35.000 -6.832 52.325  69.000 -1.420 -15.322
17 4 17 2.6153e+01  34.000 -8.252 37.003  -4.282 -25.748 1.639
17 4 17 2.1387e+01  29.718 -34.000 38.642  -7.870 12.891 -15.142
17 4 17 5.1170e+01  21.848 -21.109 23.500  -37.854 29.350 18.000
17 4 9 1.9941e+01  -16.006 8.241 41.500  8.393 -12.040 13.500
9 3 9 2.1137e+01  -7.613 -3.798 55.000  5.786 -20.202 -2.280
9 3 1 1.2682e+01  -1.827 -24.000 52.720  4.965 -11.000 3.897
1 0 17 4.3958e+01  3.138 -35.000 56.617  30.862 14.488 -27.747
17 4 1 1.0455e+00  34.000 -20.512 28.870  1.000 -0.234 -0.196
 ntry=92
1 0 1 2.6867e-01  0.000 0.000 75.900  0.070 -0.239 0.100
 ntry=93
1 0 3 2.1041e+00  0.000 0.000 75.900  -0.664 -0.614 -1.900
3 1 3 6.8840e+00  -0.664 -0.614 74.000  0.366 6.864 0.384
3 1 3 1.5652e+00  -0.298 6.250 74.384  -0.339 -0.741 1.336
3 1 3 1.2187e+00  -0.636 5.509 75.720  0.610 0.741 -0.751
3 1 1 2.5287e+00  -0.026 6.250 74.969  -2.221 0.632 1.031
 ntry=94
1 0 1 1.8985e-01  0.000 0.000 75.900  -0.098 0.128 0.100
 ntry=95
1 0 1 1.4708e-01  0.000 0.000 75.900  0.029 -0.104 0.100
 ntry=96
1 0 1 4.8923e-01  0.000 0.000 75.900  0.176 0.445 0.100
 ntry=97
1 0 1 1.4728e-01  0.000 0.000 75.900  0.015 0.107 0.100
1 0 3 5.4504e+00  0.015 0.107 76.000  -3.854 -3.295 -2.000
3 1 5 2.2749e+01  -3.839 -3.187 74.000  -21.161 2.969 -7.805
5 2 1 1.0404e+01  -25.000 -0.218 66.195  -2.128 2.751 9.805
1 0 5 2.2035e+01  -27.128 2.533 76.000  12.584 -10.814 -14.500
5 2 9 1.3785e+01  -14.545 -8.282 61.500  -7.382 -1.813 -11.500
9 3 9 2.9237e+00  -21.927 -10.094 50.000  -2.073 1.995 0.521
9 3 1 2.6889e+01  -24.000 -8.099 50.521  -11.000 -22.919 8.760
 ntry=98
1 0 3 2.9411e+00  0.000 0.000 75.900  -2.226 0.290 -1.900
3 1 3 6.7667e+00  -2.226 0.290 74.000  -0.443 -6.540 1.679
3 1 3 1.9148e+00  -2.669 -6.250 75.679  -0.539 0.747 -1.679
3 1 3 3.4783e+00  -3.208 -5.503 74.000  2.617 1.514 1.720
3 1 3 4.1759e+00  -0.591 -3.989 75.720  -0.603 3.757 -1.720
3 1 5 2.3191e+01  -1.194 -0.232 74.000  9.200 17.231 -12.500
5 2 5 1.8985e+01  8.007 16.999 61.500  -14.922 -2.349 11.500
5 2 5 1.0911e+01  -6.915 14.650 73.000  2.671 10.350 -2.190
5 2 5 1.1619e+01  -4.244 25.000 70.810  4.857 -4.972 -9.310
5 2 9 1.6025e+01  0.613 20.028 61.500  10.855 -2.591 -11.500
9 3 17 2.0922e+01  11.468 17.437 50.000  0.165 16.563 -12.781
17 4 17 6.8751e+00  11.633 34.000 37.219  5.355 -0.517 4.281
17 4 17 6.8863e+01  16.988 33.483 41.500  12.184 -65.342 -18.000
17 4 17 4.5089e+00  29.172 -31.859 23.500  3.334 -2.141 2.151
17 4 1 1.8994e+00  32.506 -34.000 25.651  -1.487 -1.000 -0.629
 ntry=99
1 0 3 2.7471e+00  0.000 0.000 75.900  0.746 1.839 -1.900
3 1 3 7.8821e+00  0.746 1.839 74.000  7.754 -1.050 0.946
3 1 1 2.8120e+01  8.500 0.788 74.946  26.500 -9.289 -1.485
1 0 1 4.1835e+00  35.000 -8.501 73.462  -1.926 -2.711 2.538
