 Box: 25.600,25.600,26.800
 Zb=20.00 PT=(12.000,12.000,25.000)
  polar=15.000  azimuth=0.000  psi=0.000
kiz: (0.000,0.000,1.000)
kizy: (0.259,0.000,0.966)
 k=(0.259,-0.000,0.966)
K 0: 0.00e+00 -9.66e-01 -0.00e+00
K 1: 9.66e-01 0.00e+00 -2.59e-01
K 2: 0.00e+00 2.59e-01 0.00e+00
Ksq 0: -9.33e-01 0.00e+00 2.50e-01
Ksq 1: 0.00e+00 -1.00e+00 0.00e+00
Ksq 2: 2.50e-01 0.00e+00 -6.70e-02
Rr 0: 1.00e+00 0.00e+00 0.00e+00
Rr 1: 0.00e+00 1.00e+00 0.00e+00
Rr 2: 0.00e+00 0.00e+00 1.00e+00
R  0: 9.66e-01 0.00e+00 2.59e-01
R  1: 0.00e+00 1.00e+00 0.00e+00
R  2: -2.59e-01 0.00e+00 9.66e-01
 Tx=17.176 12.000 44.319
### CGp=(-19.500,-19.500,-1.000)     CGw=(0.000,0.000,1.000) 
### escape
### CGp=(-19.000,-19.000,-1.000)     CGw=(0.000,0.000,1.000) 
### escape
### CGp=(-18.500,-18.500,-1.000)     CGw=(0.000,0.000,1.000) 
### escape
### CGp=(-18.000,-18.000,-1.000)     CGw=(0.000,0.000,1.000) 
### escape
### CGp=(-17.500,-17.500,-1.000)     CGw=(0.000,0.000,1.000) 
0 34.339 29.500 40.755  0.90  -0.233 0.000 -0.869  34.106 29.500 39.886
1 34.106 29.500 39.886  10.66  -2.759 0.000 -10.297  31.347 29.500 29.589
### escape
### CGp=(-17.000,-17.000,-1.000)     CGw=(0.000,0.000,1.000) 
0 33.856 29.000 40.885  0.90  -0.233 0.000 -0.869  33.623 29.000 40.015
1 33.623 29.000 40.015  10.66  -2.759 0.000 -10.297  30.864 29.000 29.718
1 30.864 29.000 29.718  0.00  -0.000 0.000 -0.000  30.864 29.000 29.718
### escape
### CGp=(-16.500,-16.500,-1.000)     CGw=(0.000,0.000,1.000) 
0 33.373 28.500 41.014  0.90  -0.233 0.000 -0.869  33.140 28.500 40.145
1 33.140 28.500 40.145  10.66  -2.759 0.000 -10.297  30.381 28.500 29.848
### escape
### CGp=(-16.000,-16.000,-1.000)     CGw=(0.000,0.000,1.000) 
0 32.890 28.000 41.143  0.90  -0.233 0.000 -0.869  32.657 28.000 40.274
1 32.657 28.000 40.274  10.66  -2.759 0.000 -10.297  29.898 28.000 29.977
1 29.898 28.000 29.977  0.00  -0.000 0.000 -0.000  29.898 28.000 29.977
### escape
### CGp=(-15.500,-15.500,-1.000)     CGw=(0.000,0.000,1.000) 
0 32.407 27.500 41.273  0.90  -0.233 0.000 -0.869  32.174 27.500 40.403
1 32.174 27.500 40.403  10.66  -2.759 0.000 -10.297  29.415 27.500 30.107
1 29.415 27.500 30.107  0.00  -0.000 0.000 -0.000  29.415 27.500 30.107
### escape
### CGp=(-15.000,-15.000,-1.000)     CGw=(0.000,0.000,1.000) 
0 31.924 27.000 41.402  0.90  -0.233 0.000 -0.869  31.691 27.000 40.533
1 31.691 27.000 40.533  10.66  -2.759 0.000 -10.297  28.932 27.000 30.236
### escape
### CGp=(-14.500,-14.500,-1.000)     CGw=(0.000,0.000,1.000) 
0 31.441 26.500 41.532  0.90  -0.233 0.000 -0.869  31.208 26.500 40.662
0 31.208 26.500 40.662  0.00  -0.000 0.000 -0.000  31.208 26.500 40.662
1 31.208 26.500 40.662  10.66  -2.759 0.000 -10.297  28.449 26.500 30.365
1 28.449 26.500 30.365  0.00  -0.000 0.000 -0.000  28.449 26.500 30.365
### escape
### CGp=(-14.000,-14.000,-1.000)     CGw=(0.000,0.000,1.000) 
0 30.958 26.000 41.661  0.90  -0.233 0.000 -0.869  30.725 26.000 40.792
1 30.725 26.000 40.792  10.66  -2.759 0.000 -10.297  27.966 26.000 30.495
### escape
### CGp=(-13.500,-13.500,-1.000)     CGw=(0.000,0.000,1.000) 
0 30.475 25.500 41.790  0.90  -0.233 0.000 -0.869  30.242 25.500 40.921
1 30.242 25.500 40.921  10.66  -2.759 0.000 -10.297  27.483 25.500 30.624
1 27.483 25.500 30.624  0.00  -0.000 0.000 -0.000  27.483 25.500 30.624
#  entering Box at 7.28
0 27.483 25.500 30.624  7.28  -1.883 0.000 -7.028  25.600 25.500 23.596
32 25.600 25.500 23.596  0.00  -0.000 0.000 -0.000  25.600 25.500 23.596
#  entering Box at 0.00
0 25.600 25.500 23.596  0.00  -0.000 0.000 -0.000  25.600 25.500 23.596
32 25.600 25.500 23.596  0.00  -0.000 0.000 -0.000  25.600 25.500 23.596
### escape
### CGp=(-13.000,-13.000,-1.000)     CGw=(0.000,0.000,1.000) 
0 29.992 25.000 41.920  0.90  -0.233 0.000 -0.869  29.759 25.000 41.050
1 29.759 25.000 41.050  10.66  -2.759 0.000 -10.297  27.000 25.000 30.754
#  entering Box at 5.41
0 27.000 25.000 30.754  5.41  -1.400 0.000 -5.226  25.600 25.000 25.528
32 25.600 25.000 25.528  0.00  -0.000 0.000 -0.000  25.600 25.000 25.528
#  entering Box at 0.00
0 25.600 25.000 25.528  0.00  -0.000 0.000 -0.000  25.600 25.000 25.528
32 25.600 25.000 25.528  0.00  -0.000 0.000 -0.000  25.600 25.000 25.528
### escape
### CGp=(-12.500,-12.500,-1.000)     CGw=(0.000,0.000,1.000) 
0 29.509 24.500 42.049  0.90  -0.233 0.000 -0.869  29.276 24.500 41.180
1 29.276 24.500 41.180  10.66  -2.759 0.000 -10.297  26.517 24.500 30.883
#  entering Box at 4.23
0 26.517 24.500 30.883  4.23  -1.094 0.000 -4.083  25.423 24.500 26.800
32 25.423 24.500 26.800  0.00  -0.000 0.000 -0.000  25.423 24.500 26.800
### escape
### CGp=(-12.000,-12.000,-1.000)     CGw=(0.000,0.000,1.000) 
0 29.026 24.000 42.179  0.90  -0.233 0.000 -0.869  28.793 24.000 41.309
0 28.793 24.000 41.309  0.00  -0.000 0.000 -0.000  28.793 24.000 41.309
1 28.793 24.000 41.309  9.13  -2.363 0.000 -8.820  26.430 24.000 32.489
3 26.430 24.000 32.489  0.52  -0.134 0.000 -0.501  26.296 24.000 31.988
1 26.296 24.000 31.988  1.01  -0.261 0.000 -0.976  26.034 24.000 31.013
1 26.034 24.000 31.013  0.00  -0.000 0.000 -0.000  26.034 24.000 31.013
#  entering Box at 4.36
0 26.034 24.000 31.013  4.36  -1.129 0.000 -4.213  24.906 24.000 26.800
32 24.906 24.000 26.800  0.00  -0.000 0.000 -0.000  24.906 24.000 26.800
#  entering Box at 0.00
0 24.906 24.000 26.800  0.00  -0.000 0.000 -0.000  24.906 24.000 26.800
32 24.906 24.000 26.800  0.00  -0.000 0.000 -0.000  24.906 24.000 26.800
### escape
### CGp=(-11.500,-11.500,-1.000)     CGw=(0.000,0.000,1.000) 
0 28.543 23.500 42.308  0.90  -0.233 0.000 -0.869  28.310 23.500 41.439
1 28.310 23.500 41.439  8.50  -2.199 0.000 -8.209  26.111 23.500 33.230
1 26.111 23.500 33.230  0.00  -0.000 0.000 -0.000  26.111 23.500 33.230
3 26.111 23.500 33.230  1.15  -0.298 0.000 -1.113  25.813 23.500 32.118
1 25.813 23.500 32.118  1.01  -0.261 0.000 -0.976  25.551 23.500 31.142
#  entering Box at 4.50
0 25.551 23.500 31.142  4.50  -1.163 0.000 -4.342  24.388 23.500 26.800
32 24.388 23.500 26.800  0.00  -0.000 0.000 -0.000  24.388 23.500 26.800
### escape
### CGp=(-11.000,-11.000,-1.000)     CGw=(0.000,0.000,1.000) 
0 28.060 23.000 42.437  0.90  -0.233 0.000 -0.869  27.827 23.000 41.568
0 27.827 23.000 41.568  0.00  -0.000 0.000 -0.000  27.827 23.000 41.568
1 27.827 23.000 41.568  7.87  -2.036 0.000 -7.597  25.792 23.000 33.971
3 25.792 23.000 33.971  1.78  -0.462 0.000 -1.724  25.330 23.000 32.247
3 25.330 23.000 32.247  0.00  -0.000 0.000 -0.000  25.330 23.000 32.247
1 25.330 23.000 32.247  1.01  -0.261 0.000 -0.976  25.068 23.000 31.271
#  entering Box at 4.63
0 25.068 23.000 31.271  4.63  -1.198 0.000 -4.471  23.870 23.000 26.800
32 23.870 23.000 26.800  0.00  -0.000 0.000 -0.000  23.870 23.000 26.800
#  entering Box at 0.00
0 23.870 23.000 26.800  0.00  -0.000 0.000 -0.000  23.870 23.000 26.800
32 23.870 23.000 26.800  0.00  -0.000 0.000 -0.000  23.870 23.000 26.800
### escape
### CGp=(-10.500,-10.500,-1.000)     CGw=(0.000,0.000,1.000) 
0 27.577 22.500 42.567  0.90  -0.233 0.000 -0.869  27.344 22.500 41.698
1 27.344 22.500 41.698  7.23  -1.872 0.000 -6.986  25.473 22.500 34.712
3 25.473 22.500 34.712  2.42  -0.626 0.000 -2.336  24.847 22.500 32.376
1 24.847 22.500 32.376  1.01  -0.261 0.000 -0.976  24.585 22.500 31.401
#  entering Box at 4.76
0 24.585 22.500 31.401  4.76  -1.233 0.000 -4.601  23.353 22.500 26.800
32 23.353 22.500 26.800  0.00  -0.000 0.000 -0.000  23.353 22.500 26.800
### escape
### CGp=(-10.000,-10.000,-1.000)     CGw=(0.000,0.000,1.000) 
0 27.094 22.000 42.696  0.90  -0.233 0.000 -0.869  26.862 22.000 41.827
1 26.862 22.000 41.827  6.60  -1.708 0.000 -6.374  25.154 22.000 35.453
3 25.154 22.000 35.453  3.05  -0.790 0.000 -2.947  24.364 22.000 32.506
1 24.364 22.000 32.506  1.01  -0.261 0.000 -0.976  24.103 22.000 31.530
#  entering Box at 4.90
0 24.103 22.000 31.530  4.90  -1.267 0.000 -4.730  22.835 22.000 26.800
32 22.835 22.000 26.800  0.00  -0.000 0.000 -0.000  22.835 22.000 26.800
#  entering Box at 0.00
0 22.835 22.000 26.800  0.00  -0.000 0.000 -0.000  22.835 22.000 26.800
32 22.835 22.000 26.800  0.00  -0.000 0.000 -0.000  22.835 22.000 26.800
### escape
### CGp=(-9.500,-9.500,-1.000)     CGw=(0.000,0.000,1.000) 
0 26.611 21.500 42.826  0.90  -0.233 0.000 -0.869  26.379 21.500 41.956
1 26.379 21.500 41.956  5.97  -1.544 0.000 -5.763  24.834 21.500 36.194
3 24.834 21.500 36.194  3.68  -0.954 0.000 -3.559  23.881 21.500 32.635
1 23.881 21.500 32.635  1.01  -0.261 0.000 -0.976  23.620 21.500 31.660
1 23.620 21.500 31.660  0.00  -0.000 0.000 -0.000  23.620 21.500 31.660
#  entering Box at 5.03
0 23.620 21.500 31.660  5.03  -1.302 0.000 -4.860  22.317 21.500 26.800
32 22.317 21.500 26.800  0.00  -0.000 0.000 -0.000  22.317 21.500 26.800
#  entering Box at 0.00
0 22.317 21.500 26.800  0.00  -0.000 0.000 -0.000  22.317 21.500 26.800
32 22.317 21.500 26.800  0.00  -0.000 0.000 -0.000  22.317 21.500 26.800
### escape
### CGp=(-9.000,-9.000,-1.000)     CGw=(0.000,0.000,1.000) 
0 26.129 21.000 42.955  0.90  -0.233 0.000 -0.869  25.896 21.000 42.086
1 25.896 21.000 42.086  5.33  -1.380 0.000 -5.151  24.515 21.000 36.935
3 24.515 21.000 36.935  4.32  -1.117 0.000 -4.170  23.398 21.000 32.765
3 23.398 21.000 32.765  0.00  -0.000 0.000 -0.000  23.398 21.000 32.765
1 23.398 21.000 32.765  1.01  -0.261 0.000 -0.976  23.137 21.000 31.789
1 23.137 21.000 31.789  0.00  -0.000 0.000 -0.000  23.137 21.000 31.789
#  entering Box at 5.16
0 23.137 21.000 31.789  5.16  -1.337 0.000 -4.989  21.800 21.000 26.800
32 21.800 21.000 26.800  0.00  -0.000 0.000 -0.000  21.800 21.000 26.800
### escape
### CGp=(-8.500,-8.500,-1.000)     CGw=(0.000,0.000,1.000) 
0 25.646 20.500 43.084  0.90  -0.233 0.000 -0.869  25.413 20.500 42.215
1 25.413 20.500 42.215  4.70  -1.216 0.000 -4.540  24.196 20.500 37.676
1 24.196 20.500 37.676  0.00  -0.000 0.000 -0.000  24.196 20.500 37.676
3 24.196 20.500 37.676  4.95  -1.281 0.000 -4.782  22.915 20.500 32.894
1 22.915 20.500 32.894  1.01  -0.261 0.000 -0.976  22.654 20.500 31.918
1 22.654 20.500 31.918  0.00  -0.000 0.000 -0.000  22.654 20.500 31.918
#  entering Box at 5.30
0 22.654 20.500 31.918  5.30  -1.371 0.000 -5.118  21.282 20.500 26.800
32 21.282 20.500 26.800  0.00  -0.000 0.000 -0.000  21.282 20.500 26.800
#  entering Box at 0.00
0 21.282 20.500 26.800  0.00  -0.000 0.000 -0.000  21.282 20.500 26.800
32 21.282 20.500 26.800  0.00  -0.000 0.000 -0.000  21.282 20.500 26.800
### escape
### CGp=(-8.000,-8.000,-1.000)     CGw=(0.000,0.000,1.000) 
0 25.163 20.000 43.214  0.90  -0.233 0.000 -0.869  24.930 20.000 42.345
1 24.930 20.000 42.345  4.07  -1.053 0.000 -3.928  23.877 20.000 38.416
3 23.877 20.000 38.416  5.58  -1.445 0.000 -5.393  22.432 20.000 33.023
1 22.432 20.000 33.023  1.01  -0.261 0.000 -0.976  22.171 20.000 32.048
1 22.171 20.000 32.048  0.00  -0.000 0.000 -0.000  22.171 20.000 32.048
#  entering Box at 5.43
0 22.171 20.000 32.048  5.43  -1.406 0.000 -5.248  20.765 20.000 26.800
32 20.765 20.000 26.800  0.00  -0.000 0.000 -0.000  20.765 20.000 26.800
### escape
### CGp=(-7.500,-7.500,-1.000)     CGw=(0.000,0.000,1.000) 
0 24.680 19.500 43.343  0.90  -0.233 0.000 -0.869  24.447 19.500 42.474
0 24.447 19.500 42.474  0.00  -0.000 0.000 -0.000  24.447 19.500 42.474
1 24.447 19.500 42.474  3.43  -0.889 0.000 -3.317  23.558 19.500 39.157
1 23.558 19.500 39.157  0.00  -0.000 0.000 -0.000  23.558 19.500 39.157
3 23.558 19.500 39.157  6.22  -1.609 0.000 -6.005  21.949 19.500 33.153
1 21.949 19.500 33.153  1.01  -0.261 0.000 -0.976  21.688 19.500 32.177
#  entering Box at 5.57
0 21.688 19.500 32.177  5.57  -1.441 0.000 -5.377  20.247 19.500 26.800
32 20.247 19.500 26.800  5.59  -1.447 0.000 -5.400  18.800 19.500 21.400
# X=74 Y=97 Z=32
57 18.800 19.500 21.400  15.45  -4.000 0.000 -14.928  14.800 19.500 6.472
32 14.800 19.500 6.472  0.07  -0.019 0.000 -0.072  14.781 19.500 6.400
# X=73 Y=97 Z=30
57 14.781 19.500 6.400  0.41  -0.107 0.000 -0.400  14.674 19.500 6.000
32 14.674 19.500 6.000  1.45  -0.375 0.000 -1.400  14.298 19.500 4.600
# X=71 Y=97 Z=21
57 14.298 19.500 4.600  0.38  -0.098 0.000 -0.367  14.200 19.500 4.233
32 14.200 19.500 4.233  0.00  -0.000 0.000 -0.000  14.200 19.500 4.233
### escape
### CGp=(-7.000,-7.000,-1.000)     CGw=(0.000,0.000,1.000) 
0 24.197 19.000 43.473  0.90  -0.233 0.000 -0.869  23.964 19.000 42.603
1 23.964 19.000 42.603  2.80  -0.725 0.000 -2.705  23.239 19.000 39.898
1 23.239 19.000 39.898  0.00  -0.000 0.000 -0.000  23.239 19.000 39.898
3 23.239 19.000 39.898  6.85  -1.773 0.000 -6.616  21.466 19.000 33.282
1 21.466 19.000 33.282  1.01  -0.261 0.000 -0.976  21.205 19.000 32.307
#  entering Box at 5.70
0 21.205 19.000 32.307  5.70  -1.475 0.000 -5.507  19.729 19.000 26.800
32 19.729 19.000 26.800  4.56  -1.179 0.000 -4.400  18.550 19.000 22.400
57 18.550 19.000 22.400  3.31  -0.857 0.000 -3.200  17.693 19.000 19.200
56 17.693 19.000 19.200  0.36  -0.093 0.000 -0.346  17.600 19.000 18.854
57 17.600 19.000 18.854  0.06  -0.014 0.000 -0.054  17.586 19.000 18.800
56 17.586 19.000 18.800  1.45  -0.375 0.000 -1.400  17.211 19.000 17.400
57 17.211 19.000 17.400  0.21  -0.054 0.000 -0.200  17.157 19.000 17.200
56 17.157 19.000 17.200  0.41  -0.107 0.000 -0.400  17.050 19.000 16.800
57 17.050 19.000 16.800  0.21  -0.054 0.000 -0.200  16.996 19.000 16.600
56 16.996 19.000 16.600  0.41  -0.107 0.000 -0.400  16.889 19.000 16.200
# X=68 Y=95 Z=21
57 16.889 19.000 16.200  12.42  -3.215 0.000 -12.000  13.674 19.000 4.200
32 13.674 19.000 4.200  0.00  -0.000 0.000 -0.000  13.674 19.000 4.200
### escape
### CGp=(-6.500,-6.500,-1.000)     CGw=(0.000,0.000,1.000) 
0 23.714 18.500 43.602  0.90  -0.233 0.000 -0.869  23.481 18.500 42.733
1 23.481 18.500 42.733  2.17  -0.561 0.000 -2.094  22.920 18.500 40.639
3 22.920 18.500 40.639  7.48  -1.937 0.000 -7.228  20.983 18.500 33.412
1 20.983 18.500 33.412  1.01  -0.261 0.000 -0.976  20.722 18.500 32.436
1 20.722 18.500 32.436  0.00  -0.000 0.000 -0.000  20.722 18.500 32.436
#  entering Box at 5.83
0 20.722 18.500 32.436  5.83  -1.510 0.000 -5.636  19.212 18.500 26.800
32 19.212 18.500 26.800  3.52  -0.911 0.000 -3.400  18.301 18.500 23.400
57 18.301 18.500 23.400  1.66  -0.429 0.000 -1.600  17.872 18.500 21.800
56 17.872 18.500 21.800  6.46  -1.672 0.000 -6.239  16.200 18.500 15.561
57 16.200 18.500 15.561  1.62  -0.418 0.000 -1.561  15.782 18.500 14.000
56 15.782 18.500 14.000  0.21  -0.054 0.000 -0.200  15.728 18.500 13.800
# X=66 Y=92 Z=21
57 15.728 18.500 13.800  9.77  -2.528 0.000 -9.436  13.200 18.500 4.364
32 13.200 18.500 4.364  0.00  -0.000 0.000 -0.000  13.200 18.500 4.364
### escape
### CGp=(-6.000,-6.000,-1.000)     CGw=(0.000,0.000,1.000) 
0 23.231 18.000 43.732  0.90  -0.233 0.000 -0.869  22.998 18.000 42.862
1 22.998 18.000 42.862  1.53  -0.397 0.000 -1.482  22.601 18.000 41.380
1 22.601 18.000 41.380  0.00  -0.000 0.000 -0.000  22.601 18.000 41.380
3 22.601 18.000 41.380  8.12  -2.100 0.000 -7.839  20.500 18.000 33.541
1 20.500 18.000 33.541  1.01  -0.261 0.000 -0.976  20.239 18.000 32.565
#  entering Box at 5.97
0 20.239 18.000 32.565  5.97  -1.545 0.000 -5.765  18.694 18.000 26.800
32 18.694 18.000 26.800  2.90  -0.750 0.000 -2.800  17.944 18.000 24.000
57 17.944 18.000 24.000  1.45  -0.375 0.000 -1.400  17.569 18.000 22.600
56 17.569 18.000 22.600  7.61  -1.969 0.000 -7.347  15.600 18.000 15.253
57 15.600 18.000 15.253  0.06  -0.014 0.000 -0.053  15.586 18.000 15.200
56 15.586 18.000 15.200  2.48  -0.643 0.000 -2.400  14.943 18.000 12.800
# X=63 Y=90 Z=21
57 14.943 18.000 12.800  8.90  -2.304 0.000 -8.600  12.638 18.000 4.200
32 12.638 18.000 4.200  0.00  -0.000 0.000 -0.000  12.638 18.000 4.200
### escape
### CGp=(-5.500,-5.500,-1.000)     CGw=(0.000,0.000,1.000) 
0 22.748 17.500 43.861  0.90  -0.233 0.000 -0.869  22.515 17.500 42.992
1 22.515 17.500 42.992  0.10  -0.026 0.000 -0.097  22.489 17.500 42.895
5 22.489 17.500 42.895  1.00  -0.259 0.000 -0.966  22.230 17.500 41.929
3 22.230 17.500 41.929  8.55  -2.213 0.000 -8.259  20.017 17.500 33.670
3 20.017 17.500 33.670  0.00  -0.000 0.000 -0.000  20.017 17.500 33.670
1 20.017 17.500 33.670  1.01  -0.261 0.000 -0.976  19.756 17.500 32.695
1 19.756 17.500 32.695  0.00  -0.000 0.000 -0.000  19.756 17.500 32.695
#  entering Box at 6.10
0 19.756 17.500 32.695  6.10  -1.580 0.000 -5.895  18.176 17.500 26.800
32 18.176 17.500 26.800  2.48  -0.643 0.000 -2.400  17.533 17.500 24.400
57 17.533 17.500 24.400  1.29  -0.333 0.000 -1.244  17.200 17.500 23.156
56 17.200 17.500 23.156  10.72  -2.775 0.000 -10.356  14.425 17.500 12.800
# X=60 Y=87 Z=21
57 14.425 17.500 12.800  8.90  -2.304 0.000 -8.600  12.121 17.500 4.200
32 12.121 17.500 4.200  0.00  -0.000 0.000 -0.000  12.121 17.500 4.200
### escape
### CGp=(-5.000,-5.000,-1.000)     CGw=(0.000,0.000,1.000) 
0 22.265 17.000 43.990  0.90  -0.233 0.000 -0.869  22.032 17.000 43.121
1 22.032 17.000 43.121  0.10  -0.026 0.000 -0.097  22.006 17.000 43.024
1 22.006 17.000 43.024  0.00  -0.000 0.000 -0.000  22.006 17.000 43.024
5 22.006 17.000 43.024  1.00  -0.259 0.000 -0.966  21.747 17.000 42.058
5 21.747 17.000 42.058  0.00  -0.000 0.000 -0.000  21.747 17.000 42.058
3 21.747 17.000 42.058  8.55  -2.213 0.000 -8.259  19.534 17.000 33.800
1 19.534 17.000 33.800  1.01  -0.261 0.000 -0.976  19.273 17.000 32.824
#  entering Box at 6.24
0 19.273 17.000 32.824  6.24  -1.614 0.000 -6.024  17.659 17.000 26.800
32 17.659 17.000 26.800  2.07  -0.536 0.000 -2.000  17.123 17.000 24.800
57 17.123 17.000 24.800  1.24  -0.322 0.000 -1.200  16.801 17.000 23.600
56 16.801 17.000 23.600  11.18  -2.894 0.000 -10.800  13.907 17.000 12.800
# X=58 Y=85 Z=21
57 13.907 17.000 12.800  8.90  -2.304 0.000 -8.600  11.603 17.000 4.200
32 11.603 17.000 4.200  0.00  -0.000 0.000 -0.000  11.603 17.000 4.200
### escape
### CGp=(-4.500,-4.500,-1.000)     CGw=(0.000,0.000,1.000) 
0 21.782 16.500 44.120  0.90  -0.233 0.000 -0.869  21.549 16.500 43.250
1 21.549 16.500 43.250  0.10  -0.026 0.000 -0.097  21.523 16.500 43.154
5 21.523 16.500 43.154  1.00  -0.259 0.000 -0.966  21.264 16.500 42.188
3 21.264 16.500 42.188  8.55  -2.213 0.000 -8.259  19.051 16.500 33.929
3 19.051 16.500 33.929  0.00  -0.000 0.000 -0.000  19.051 16.500 33.929
1 19.051 16.500 33.929  1.01  -0.261 0.000 -0.976  18.790 16.500 32.954
1 18.790 16.500 32.954  0.00  -0.000 0.000 -0.000  18.790 16.500 32.954
#  entering Box at 6.37
0 18.790 16.500 32.954  6.37  -1.649 0.000 -6.154  17.141 16.500 26.800
32 17.141 16.500 26.800  1.66  -0.429 0.000 -1.600  16.712 16.500 25.200
57 16.712 16.500 25.200  1.24  -0.322 0.000 -1.200  16.391 16.500 24.000
56 16.391 16.500 24.000  12.01  -3.108 0.000 -11.600  13.283 16.500 12.400
# X=55 Y=82 Z=21
57 13.283 16.500 12.400  8.49  -2.197 0.000 -8.200  11.085 16.500 4.200
32 11.085 16.500 4.200  0.00  -0.000 0.000 -0.000  11.085 16.500 4.200
### escape
### CGp=(-4.000,-4.000,-1.000)     CGw=(0.000,0.000,1.000) 
0 21.299 16.000 44.249  0.90  -0.233 0.000 -0.869  21.066 16.000 43.380
0 21.066 16.000 43.380  0.00  -0.000 0.000 -0.000  21.066 16.000 43.380
1 21.066 16.000 43.380  0.10  -0.026 0.000 -0.097  21.040 16.000 43.283
5 21.040 16.000 43.283  1.00  -0.259 0.000 -0.966  20.781 16.000 42.317
3 20.781 16.000 42.317  8.55  -2.213 0.000 -8.259  18.568 16.000 34.059
3 18.568 16.000 34.059  0.00  -0.000 0.000 -0.000  18.568 16.000 34.059
1 18.568 16.000 34.059  1.01  -0.261 0.000 -0.976  18.307 16.000 33.083
#  entering Box at 6.50
0 18.307 16.000 33.083  6.50  -1.684 0.000 -6.283  16.623 16.000 26.800
32 16.623 16.000 26.800  1.45  -0.375 0.000 -1.400  16.248 16.000 25.400
57 16.248 16.000 25.400  1.24  -0.322 0.000 -1.200  15.927 16.000 24.200
56 15.927 16.000 24.200  12.22  -3.162 0.000 -11.800  12.765 16.000 12.400
55 12.765 16.000 12.400  0.62  -0.161 0.000 -0.600  12.604 16.000 11.800
57 12.604 16.000 11.800  4.56  -1.179 0.000 -4.400  11.425 16.000 7.400
54 11.425 16.000 7.400  3.11  -0.804 0.000 -3.000  10.621 16.000 4.400
# X=53 Y=80 Z=21
57 10.621 16.000 4.400  0.08  -0.021 0.000 -0.080  10.600 16.000 4.320
32 10.600 16.000 4.320  0.00  -0.000 0.000 -0.000  10.600 16.000 4.320
### escape
### CGp=(-3.500,-3.500,-1.000)     CGw=(0.000,0.000,1.000) 
0 20.816 15.500 44.379  0.90  -0.233 0.000 -0.869  20.583 15.500 43.509
1 20.583 15.500 43.509  0.10  -0.026 0.000 -0.097  20.557 15.500 43.413
5 20.557 15.500 43.413  1.00  -0.259 0.000 -0.966  20.298 15.500 42.447
3 20.298 15.500 42.447  8.55  -2.213 0.000 -8.259  18.085 15.500 34.188
3 18.085 15.500 34.188  0.00  -0.000 0.000 -0.000  18.085 15.500 34.188
1 18.085 15.500 34.188  1.01  -0.261 0.000 -0.976  17.824 15.500 33.212
1 17.824 15.500 33.212  0.00  -0.000 0.000 -0.000  17.824 15.500 33.212
#  entering Box at 6.64
0 17.824 15.500 33.212  6.64  -1.718 0.000 -6.412  16.106 15.500 26.800
32 16.106 15.500 26.800  1.18  -0.306 0.000 -1.141  15.800 15.500 25.659
57 15.800 15.500 25.659  1.30  -0.337 0.000 -1.259  15.463 15.500 24.400
56 15.463 15.500 24.400  5.80  -1.501 0.000 -5.600  13.962 15.500 18.800
35 13.962 15.500 18.800  0.21  -0.054 0.000 -0.200  13.909 15.500 18.600
56 13.909 15.500 18.600  1.24  -0.322 0.000 -1.200  13.587 15.500 17.400
55 13.587 15.500 17.400  6.42  -1.661 0.000 -6.200  11.926 15.500 11.200
54 11.926 15.500 11.200  2.07  -0.536 0.000 -2.000  11.390 15.500 9.200
57 11.390 15.500 9.200  0.21  -0.054 0.000 -0.200  11.336 15.500 9.000
54 11.336 15.500 9.000  0.62  -0.161 0.000 -0.600  11.176 15.500 8.400
57 11.176 15.500 8.400  0.21  -0.054 0.000 -0.200  11.122 15.500 8.200
54 11.122 15.500 8.200  1.45  -0.375 0.000 -1.400  10.747 15.500 6.800
57 10.747 15.500 6.800  0.21  -0.054 0.000 -0.200  10.693 15.500 6.600
54 10.693 15.500 6.600  0.41  -0.107 0.000 -0.400  10.586 15.500 6.200
57 10.586 15.500 6.200  0.62  -0.161 0.000 -0.600  10.425 15.500 5.600
54 10.425 15.500 5.600  0.21  -0.054 0.000 -0.200  10.372 15.500 5.400
57 10.372 15.500 5.400  0.41  -0.107 0.000 -0.400  10.264 15.500 5.000
54 10.264 15.500 5.000  0.41  -0.107 0.000 -0.400  10.157 15.500 4.600
# X=50 Y=77 Z=21
57 10.157 15.500 4.600  0.41  -0.107 0.000 -0.400  10.050 15.500 4.200
32 10.050 15.500 4.200  0.00  -0.000 0.000 -0.000  10.050 15.500 4.200
### escape
### CGp=(-3.000,-3.000,-1.000)     CGw=(0.000,0.000,1.000) 
0 20.333 15.000 44.508  0.90  -0.233 0.000 -0.869  20.100 15.000 43.639
1 20.100 15.000 43.639  0.10  -0.026 0.000 -0.097  20.074 15.000 43.542
5 20.074 15.000 43.542  1.00  -0.259 0.000 -0.966  19.815 15.000 42.576
3 19.815 15.000 42.576  8.55  -2.213 0.000 -8.259  17.602 15.000 34.317
3 17.602 15.000 34.317  0.00  -0.000 0.000 -0.000  17.602 15.000 34.317
1 17.602 15.000 34.317  1.01  -0.261 0.000 -0.976  17.341 15.000 33.342
#  entering Box at 6.77
0 17.341 15.000 33.342  6.77  -1.753 0.000 -6.542  15.588 15.000 26.800
32 15.588 15.000 26.800  0.83  -0.214 0.000 -0.800  15.374 15.000 26.000
57 15.374 15.000 26.000  1.24  -0.322 0.000 -1.200  15.052 15.000 24.800
56 15.052 15.000 24.800  4.76  -1.233 0.000 -4.600  13.820 15.000 20.200
35 13.820 15.000 20.200  2.07  -0.536 0.000 -2.000  13.284 15.000 18.200
56 13.284 15.000 18.200  0.32  -0.084 0.000 -0.313  13.200 15.000 17.887
55 13.200 15.000 17.887  6.30  -1.631 0.000 -6.087  11.569 15.000 11.800
57 11.569 15.000 11.800  0.62  -0.161 0.000 -0.600  11.408 15.000 11.200
54 11.408 15.000 11.200  0.21  -0.054 0.000 -0.200  11.355 15.000 11.000
# X=47 Y=75 Z=21
57 11.355 15.000 11.000  7.04  -1.822 0.000 -6.800  9.532 15.000 4.200
32 9.532 15.000 4.200  0.00  -0.000 0.000 -0.000  9.532 15.000 4.200
### escape
### CGp=(-2.500,-2.500,-1.000)     CGw=(0.000,0.000,1.000) 
0 19.850 14.500 44.637  0.90  -0.233 0.000 -0.869  19.617 14.500 43.768
1 19.617 14.500 43.768  0.10  -0.026 0.000 -0.097  19.591 14.500 43.671
1 19.591 14.500 43.671  0.00  -0.000 0.000 -0.000  19.591 14.500 43.671
5 19.591 14.500 43.671  1.00  -0.259 0.000 -0.966  19.332 14.500 42.706
5 19.332 14.500 42.706  0.00  -0.000 0.000 -0.000  19.332 14.500 42.706
3 19.332 14.500 42.706  8.55  -2.213 0.000 -8.259  17.119 14.500 34.447
1 17.119 14.500 34.447  1.01  -0.261 0.000 -0.976  16.858 14.500 33.471
#  entering Box at 6.91
0 16.858 14.500 33.471  6.91  -1.788 0.000 -6.671  15.070 14.500 26.800
32 15.070 14.500 26.800  0.62  -0.161 0.000 -0.600  14.910 14.500 26.200
57 14.910 14.500 26.200  1.04  -0.268 0.000 -1.000  14.642 14.500 25.200
56 14.642 14.500 25.200  4.56  -1.179 0.000 -4.400  13.463 14.500 20.800
35 13.463 14.500 20.800  3.11  -0.804 0.000 -3.000  12.659 14.500 17.800
55 12.659 14.500 17.800  4.14  -1.072 0.000 -4.000  11.587 14.500 13.800
56 11.587 14.500 13.800  1.45  -0.375 0.000 -1.400  11.212 14.500 12.400
# X=45 Y=72 Z=21
57 11.212 14.500 12.400  8.49  -2.197 0.000 -8.200  9.015 14.500 4.200
32 9.015 14.500 4.200  0.00  -0.000 0.000 -0.000  9.015 14.500 4.200
### escape
### CGp=(-2.000,-2.000,-1.000)     CGw=(0.000,0.000,1.000) 
0 19.367 14.000 44.767  0.90  -0.233 0.000 -0.869  19.134 14.000 43.897
1 19.134 14.000 43.897  0.10  -0.026 0.000 -0.097  19.108 14.000 43.801
5 19.108 14.000 43.801  1.00  -0.259 0.000 -0.966  18.849 14.000 42.835
3 18.849 14.000 42.835  8.55  -2.213 0.000 -8.259  16.637 14.000 34.576
3 16.637 14.000 34.576  0.00  -0.000 0.000 -0.000  16.637 14.000 34.576
1 16.637 14.000 34.576  1.01  -0.261 0.000 -0.976  16.375 14.000 33.601
#  entering Box at 7.04
0 16.375 14.000 33.601  7.04  -1.822 0.000 -6.801  14.553 14.000 26.800
32 14.553 14.000 26.800  0.41  -0.107 0.000 -0.400  14.446 14.000 26.400
57 14.446 14.000 26.400  0.95  -0.246 0.000 -0.917  14.200 14.000 25.483
56 14.200 14.000 25.483  4.64  -1.200 0.000 -4.478  13.000 14.000 21.005
35 13.000 14.000 21.005  3.86  -1.000 0.000 -3.732  12.000 14.000 17.273
55 12.000 14.000 17.273  0.28  -0.073 0.000 -0.273  11.927 14.000 17.000
35 11.927 14.000 17.000  0.21  -0.054 0.000 -0.200  11.873 14.000 16.800
55 11.873 14.000 16.800  1.86  -0.482 0.000 -1.800  11.391 14.000 15.000
56 11.391 14.000 15.000  1.51  -0.391 0.000 -1.459  11.000 14.000 13.541
# X=42 Y=70 Z=21
57 11.000 14.000 13.541  9.67  -2.503 0.000 -9.341  8.497 14.000 4.200
32 8.497 14.000 4.200  0.00  -0.000 0.000 -0.000  8.497 14.000 4.200
### escape
### CGp=(-1.500,-1.500,-1.000)     CGw=(0.000,0.000,1.000) 
0 18.884 13.500 44.896  0.90  -0.233 0.000 -0.869  18.651 13.500 44.027
1 18.651 13.500 44.027  0.10  -0.026 0.000 -0.097  18.625 13.500 43.930
1 18.625 13.500 43.930  0.00  -0.000 0.000 -0.000  18.625 13.500 43.930
5 18.625 13.500 43.930  1.00  -0.259 0.000 -0.966  18.366 13.500 42.964
5 18.366 13.500 42.964  0.00  -0.000 0.000 -0.000  18.366 13.500 42.964
3 18.366 13.500 42.964  8.55  -2.213 0.000 -8.259  16.154 13.500 34.706
1 16.154 13.500 34.706  1.01  -0.261 0.000 -0.976  15.892 13.500 33.730
#  entering Box at 7.17
0 15.892 13.500 33.730  7.17  -1.857 0.000 -6.930  14.035 13.500 26.800
32 14.035 13.500 26.800  0.41  -0.107 0.000 -0.400  13.928 13.500 26.400
57 13.928 13.500 26.400  1.24  -0.322 0.000 -1.200  13.607 13.500 25.200
56 13.607 13.500 25.200  4.14  -1.072 0.000 -4.000  12.535 13.500 21.200
35 12.535 13.500 21.200  5.16  -1.335 0.000 -4.981  11.200 13.500 16.219
56 11.200 13.500 16.219  0.02  -0.005 0.000 -0.019  11.195 13.500 16.200
35 11.195 13.500 16.200  0.41  -0.107 0.000 -0.400  11.088 13.500 15.800
56 11.088 13.500 15.800  2.28  -0.589 0.000 -2.200  10.498 13.500 13.600
# X=40 Y=67 Z=21
57 10.498 13.500 13.600  9.65  -2.498 0.000 -9.324  8.000 13.500 4.276
32 8.000 13.500 4.276  0.00  -0.000 0.000 -0.000  8.000 13.500 4.276
### escape
### CGp=(-1.000,-1.000,-1.000)     CGw=(0.000,0.000,1.000) 
0 18.401 13.000 45.026  0.90  -0.233 0.000 -0.869  18.168 13.000 44.156
1 18.168 13.000 44.156  0.10  -0.026 0.000 -0.097  18.142 13.000 44.060
5 18.142 13.000 44.060  1.00  -0.259 0.000 -0.966  17.883 13.000 43.094
3 17.883 13.000 43.094  8.55  -2.213 0.000 -8.259  15.671 13.000 34.835
3 15.671 13.000 34.835  0.00  -0.000 0.000 -0.000  15.671 13.000 34.835
1 15.671 13.000 34.835  1.01  -0.261 0.000 -0.976  15.409 13.000 33.860
#  entering Box at 7.31
0 15.409 13.000 33.860  7.31  -1.892 0.000 -7.060  13.518 13.000 26.800
32 13.518 13.000 26.800  0.41  -0.107 0.000 -0.400  13.410 13.000 26.400
57 13.410 13.000 26.400  1.24  -0.322 0.000 -1.200  13.089 13.000 25.200
56 13.089 13.000 25.200  4.14  -1.072 0.000 -4.000  12.017 13.000 21.200
35 12.017 13.000 21.200  6.21  -1.608 0.000 -6.000  10.409 13.000 15.200
56 10.409 13.000 15.200  0.81  -0.209 0.000 -0.781  10.200 13.000 14.419
50 10.200 13.000 14.419  0.64  -0.166 0.000 -0.619  10.034 13.000 13.800
# X=37 Y=65 Z=21
57 10.034 13.000 13.800  9.94  -2.572 0.000 -9.600  7.462 13.000 4.200
32 7.462 13.000 4.200  0.00  -0.000 0.000 -0.000  7.462 13.000 4.200
### escape
### CGp=(-0.500,-0.500,-1.000)     CGw=(0.000,0.000,1.000) 
0 17.918 12.500 45.155  0.90  -0.233 0.000 -0.869  17.685 12.500 44.286
1 17.685 12.500 44.286  0.10  -0.026 0.000 -0.097  17.659 12.500 44.189
1 17.659 12.500 44.189  0.00  -0.000 0.000 -0.000  17.659 12.500 44.189
5 17.659 12.500 44.189  1.00  -0.259 0.000 -0.966  17.401 12.500 43.223
5 17.401 12.500 43.223  0.00  -0.000 0.000 -0.000  17.401 12.500 43.223
3 17.401 12.500 43.223  8.55  -2.213 0.000 -8.259  15.188 12.500 34.965
1 15.188 12.500 34.965  1.01  -0.261 0.000 -0.976  14.926 12.500 33.989
#  entering Box at 7.44
0 14.926 12.500 33.989  7.44  -1.926 0.000 -7.189  13.000 12.500 26.800
32 13.000 12.500 26.800  0.41  -0.107 0.000 -0.400  12.893 12.500 26.400
57 12.893 12.500 26.400  1.45  -0.375 0.000 -1.400  12.518 12.500 25.000
56 12.518 12.500 25.000  4.14  -1.072 0.000 -4.000  11.446 12.500 21.000
35 11.446 12.500 21.000  6.00  -1.554 0.000 -5.800  9.892 12.500 15.200
50 9.892 12.500 15.200  1.45  -0.375 0.000 -1.400  9.517 12.500 13.800
57 9.517 12.500 13.800  3.52  -0.911 0.000 -3.400  8.606 12.500 10.400
48 8.606 12.500 10.400  0.83  -0.214 0.000 -0.800  8.391 12.500 9.600
# X=34 Y=62 Z=21
57 8.391 12.500 9.600  5.59  -1.447 0.000 -5.400  6.944 12.500 4.200
32 6.944 12.500 4.200  0.00  -0.000 0.000 -0.000  6.944 12.500 4.200
### escape
### CGp=(0.000,0.000,-1.000)     CGw=(0.000,0.000,1.000) 
0 17.435 12.000 45.284  0.90  -0.233 0.000 -0.869  17.202 12.000 44.415
1 17.202 12.000 44.415  0.10  -0.026 0.000 -0.097  17.176 12.000 44.319
5 17.176 12.000 44.319  1.00  -0.259 0.000 -0.966  16.918 12.000 43.353
1 16.918 12.000 43.353  9.56  -2.474 0.000 -9.234  14.443 12.000 34.118
1 14.443 12.000 34.118  0.00  -0.000 0.000 -0.000  14.443 12.000 34.118
#  entering Box at 7.58
0 14.443 12.000 34.118  7.58  -1.961 0.000 -7.318  12.482 12.000 26.800
57 12.482 12.000 26.800  1.86  -0.482 0.000 -1.800  12.000 12.000 25.000
56 12.000 12.000 25.000  3.93  -1.018 0.000 -3.800  10.982 12.000 21.200
35 10.982 12.000 21.200  6.11  -1.582 0.000 -5.903  9.400 12.000 15.297
50 9.400 12.000 15.297  0.10  -0.026 0.000 -0.097  9.374 12.000 15.200
57 9.374 12.000 15.200  0.41  -0.107 0.000 -0.400  9.267 12.000 14.800
50 9.267 12.000 14.800  0.41  -0.107 0.000 -0.400  9.160 12.000 14.400
57 9.160 12.000 14.400  2.90  -0.750 0.000 -2.800  8.409 12.000 11.600
48 8.409 12.000 11.600  3.11  -0.804 0.000 -3.000  7.606 12.000 8.600
# X=32 Y=60 Z=21
57 7.606 12.000 8.600  4.56  -1.179 0.000 -4.400  6.427 12.000 4.200
32 6.427 12.000 4.200  0.00  -0.000 0.000 -0.000  6.427 12.000 4.200
### escape
### CGp=(0.500,0.500,-1.000)     CGw=(0.000,0.000,1.000) 
0 16.952 11.500 45.414  0.90  -0.233 0.000 -0.869  16.719 11.500 44.545
1 16.719 11.500 44.545  0.10  -0.026 0.000 -0.097  16.693 11.500 44.448
5 16.693 11.500 44.448  1.00  -0.259 0.000 -0.966  16.435 11.500 43.482
3 16.435 11.500 43.482  8.55  -2.213 0.000 -8.259  14.222 11.500 35.223
3 14.222 11.500 35.223  0.00  -0.000 0.000 -0.000  14.222 11.500 35.223
1 14.222 11.500 35.223  1.01  -0.261 0.000 -0.976  13.960 11.500 34.248
#  entering Box at 7.71
0 13.960 11.500 34.248  7.71  -1.996 0.000 -7.448  11.965 11.500 26.800
32 11.965 11.500 26.800  0.41  -0.107 0.000 -0.400  11.857 11.500 26.400
57 11.857 11.500 26.400  1.77  -0.457 0.000 -1.707  11.400 11.500 24.693
56 11.400 11.500 24.693  0.10  -0.025 0.000 -0.093  11.375 11.500 24.600
57 11.375 11.500 24.600  0.21  -0.054 0.000 -0.200  11.322 11.500 24.400
56 11.322 11.500 24.400  3.93  -1.018 0.000 -3.800  10.303 11.500 20.600
35 10.303 11.500 20.600  5.81  -1.503 0.000 -5.611  8.800 11.500 14.989
57 8.800 11.500 14.989  2.68  -0.694 0.000 -2.589  8.106 11.500 12.400
48 8.106 11.500 12.400  3.52  -0.911 0.000 -3.400  7.195 11.500 9.000
# X=33 Y=57 Z=37
57 7.195 11.500 9.000  1.66  -0.429 0.000 -1.600  6.766 11.500 7.400
32 6.766 11.500 7.400  0.00  -0.000 0.000 -0.000  6.766 11.500 7.400
### escape
### CGp=(1.000,1.000,-1.000)     CGw=(0.000,0.000,1.000) 
0 16.469 11.000 45.543  0.90  -0.233 0.000 -0.869  16.236 11.000 44.674
1 16.236 11.000 44.674  0.10  -0.026 0.000 -0.097  16.210 11.000 44.577
1 16.210 11.000 44.577  0.00  -0.000 0.000 -0.000  16.210 11.000 44.577
5 16.210 11.000 44.577  1.00  -0.259 0.000 -0.966  15.952 11.000 43.611
3 15.952 11.000 43.611  8.55  -2.213 0.000 -8.259  13.739 11.000 35.353
1 13.739 11.000 35.353  1.01  -0.261 0.000 -0.976  13.477 11.000 34.377
#  entering Box at 7.84
0 13.477 11.000 34.377  7.84  -2.030 0.000 -7.577  11.447 11.000 26.800
32 11.447 11.000 26.800  0.62  -0.161 0.000 -0.600  11.286 11.000 26.200
57 11.286 11.000 26.200  1.88  -0.486 0.000 -1.815  10.800 11.000 24.385
56 10.800 11.000 24.385  0.19  -0.050 0.000 -0.185  10.750 11.000 24.200
57 10.750 11.000 24.200  0.21  -0.054 0.000 -0.200  10.697 11.000 24.000
56 10.697 11.000 24.000  4.14  -1.072 0.000 -4.000  9.625 11.000 20.000
35 9.625 11.000 20.000  5.18  -1.340 0.000 -5.000  8.285 11.000 15.000
# X=39 Y=55 Z=68
57 8.285 11.000 15.000  1.45  -0.375 0.000 -1.400  7.910 11.000 13.600
32 7.910 11.000 13.600  0.21  -0.054 0.000 -0.200  7.857 11.000 13.400
57 7.857 11.000 13.400  0.99  -0.257 0.000 -0.957  7.600 11.000 12.443
48 7.600 11.000 12.443  0.04  -0.011 0.000 -0.043  7.589 11.000 12.400
57 7.589 11.000 12.400  0.21  -0.054 0.000 -0.200  7.535 11.000 12.200
48 7.535 11.000 12.200  2.07  -0.536 0.000 -2.000  6.999 11.000 10.200
# X=32 Y=55 Z=43
57 6.999 11.000 10.200  1.66  -0.429 0.000 -1.600  6.570 11.000 8.600
32 6.570 11.000 8.600  0.00  -0.000 0.000 -0.000  6.570 11.000 8.600
### escape
### CGp=(1.500,1.500,-1.000)     CGw=(0.000,0.000,1.000) 
0 15.986 10.500 45.673  0.90  -0.233 0.000 -0.869  15.753 10.500 44.803
1 15.753 10.500 44.803  0.10  -0.026 0.000 -0.097  15.727 10.500 44.707
5 15.727 10.500 44.707  1.00  -0.259 0.000 -0.966  15.469 10.500 43.741
3 15.469 10.500 43.741  8.55  -2.213 0.000 -8.259  13.256 10.500 35.482
3 13.256 10.500 35.482  0.00  -0.000 0.000 -0.000  13.256 10.500 35.482
1 13.256 10.500 35.482  1.01  -0.261 0.000 -0.976  12.994 10.500 34.507
1 12.994 10.500 34.507  0.00  -0.000 0.000 -0.000  12.994 10.500 34.507
#  entering Box at 7.98
0 12.994 10.500 34.507  7.98  -2.065 0.000 -7.707  10.929 10.500 26.800
32 10.929 10.500 26.800  1.04  -0.268 0.000 -1.000  10.661 10.500 25.800
57 10.661 10.500 25.800  2.28  -0.589 0.000 -2.200  10.072 10.500 23.600
56 10.072 10.500 23.600  3.73  -0.965 0.000 -3.600  9.107 10.500 20.000
35 9.107 10.500 20.000  4.97  -1.286 0.000 -4.800  7.821 10.500 15.200
# X=37 Y=52 Z=69
57 7.821 10.500 15.200  1.45  -0.375 0.000 -1.400  7.446 10.500 13.800
32 7.446 10.500 13.800  0.83  -0.214 0.000 -0.800  7.232 10.500 13.000
# X=32 Y=52 Z=52
57 7.232 10.500 13.000  2.69  -0.697 0.000 -2.600  6.535 10.500 10.400
32 6.535 10.500 10.400  0.00  -0.000 0.000 -0.000  6.535 10.500 10.400
### escape
### CGp=(2.000,2.000,-1.000)     CGw=(0.000,0.000,1.000) 
0 15.503 10.000 45.802  0.90  -0.233 0.000 -0.869  15.270 10.000 44.933
1 15.270 10.000 44.933  0.10  -0.026 0.000 -0.097  15.245 10.000 44.836
1 15.245 10.000 44.836  0.00  -0.000 0.000 -0.000  15.245 10.000 44.836
5 15.245 10.000 44.836  1.00  -0.259 0.000 -0.966  14.986 10.000 43.870
5 14.986 10.000 43.870  0.00  -0.000 0.000 -0.000  14.986 10.000 43.870
3 14.986 10.000 43.870  8.55  -2.213 0.000 -8.259  12.773 10.000 35.612
1 12.773 10.000 35.612  1.01  -0.261 0.000 -0.976  12.511 10.000 34.636
#  entering Box at 8.11
0 12.511 10.000 34.636  8.11  -2.100 0.000 -7.836  10.412 10.000 26.800
32 10.412 10.000 26.800  1.86  -0.482 0.000 -1.800  9.929 10.000 25.000
57 9.929 10.000 25.000  2.05  -0.529 0.000 -1.976  9.400 10.000 23.024
56 9.400 10.000 23.024  0.02  -0.006 0.000 -0.024  9.394 10.000 23.000
57 9.394 10.000 23.000  0.21  -0.054 0.000 -0.200  9.340 10.000 22.800
56 9.340 10.000 22.800  3.11  -0.804 0.000 -3.000  8.536 10.000 19.800
35 8.536 10.000 19.800  4.14  -1.072 0.000 -4.000  7.464 10.000 15.800
# X=35 Y=50 Z=70
57 7.464 10.000 15.800  1.79  -0.464 0.000 -1.733  7.000 10.000 14.067
32 7.000 10.000 14.067  1.52  -0.393 0.000 -1.467  6.607 10.000 12.600
# X=31 Y=50 Z=56
57 6.607 10.000 12.600  1.45  -0.375 0.000 -1.400  6.232 10.000 11.200
32 6.232 10.000 11.200  0.00  -0.000 0.000 -0.000  6.232 10.000 11.200
### escape
### CGp=(2.500,2.500,-1.000)     CGw=(0.000,0.000,1.000) 
0 15.020 9.500 45.931  0.90  -0.233 0.000 -0.869  14.787 9.500 45.062
1 14.787 9.500 45.062  0.10  -0.026 0.000 -0.097  14.762 9.500 44.966
5 14.762 9.500 44.966  1.00  -0.259 0.000 -0.966  14.503 9.500 44.000
3 14.503 9.500 44.000  8.55  -2.213 0.000 -8.259  12.290 9.500 35.741
3 12.290 9.500 35.741  0.00  -0.000 0.000 -0.000  12.290 9.500 35.741
1 12.290 9.500 35.741  1.01  -0.261 0.000 -0.976  12.028 9.500 34.765
#  entering Box at 8.25
0 12.028 9.500 34.765  8.25  -2.134 0.000 -7.965  9.894 9.500 26.800
32 9.894 9.500 26.800  2.68  -0.694 0.000 -2.590  9.200 9.500 24.210
# X=45 Y=47 Z=121
57 9.200 9.500 24.210  0.01  -0.003 0.000 -0.010  9.197 9.500 24.200
32 9.197 9.500 24.200  0.21  -0.054 0.000 -0.200  9.144 9.500 24.000
57 9.144 9.500 24.000  3.52  -0.911 0.000 -3.400  8.233 9.500 20.600
56 8.233 9.500 20.600  0.21  -0.054 0.000 -0.200  8.179 9.500 20.400
57 8.179 9.500 20.400  0.69  -0.179 0.000 -0.669  8.000 9.500 19.731
35 8.000 9.500 19.731  2.83  -0.732 0.000 -2.731  7.268 9.500 17.000
# X=33 Y=47 Z=76
57 7.268 9.500 17.000  1.86  -0.482 0.000 -1.800  6.786 9.500 15.200
32 6.786 9.500 15.200  0.00  -0.000 0.000 -0.000  6.786 9.500 15.200
### escape
### CGp=(3.000,3.000,-1.000)     CGw=(0.000,0.000,1.000) 
0 14.537 9.000 46.061  0.90  -0.233 0.000 -0.869  14.304 9.000 45.192
1 14.304 9.000 45.192  0.10  -0.026 0.000 -0.097  14.279 9.000 45.095
1 14.279 9.000 45.095  0.00  -0.000 0.000 -0.000  14.279 9.000 45.095
5 14.279 9.000 45.095  1.00  -0.259 0.000 -0.966  14.020 9.000 44.129
5 14.020 9.000 44.129  0.00  -0.000 0.000 -0.000  14.020 9.000 44.129
3 14.020 9.000 44.129  8.55  -2.213 0.000 -8.259  11.807 9.000 35.870
1 11.807 9.000 35.870  1.01  -0.261 0.000 -0.976  11.545 9.000 34.895
#  entering Box at 8.38
0 11.545 9.000 34.895  8.38  -2.169 0.000 -8.095  9.376 9.000 26.800
32 9.376 9.000 26.800  3.73  -0.965 0.000 -3.600  8.412 9.000 23.200
# X=34 Y=45 Z=88
57 8.412 9.000 23.200  5.80  -1.501 0.000 -5.600  6.911 9.000 17.600
32 6.911 9.000 17.600  0.00  -0.000 0.000 -0.000  6.911 9.000 17.600
### escape
### CGp=(3.500,3.500,-1.000)     CGw=(0.000,0.000,1.000) 
0 14.054 8.500 46.190  0.90  -0.233 0.000 -0.869  13.822 8.500 45.321
1 13.822 8.500 45.321  0.10  -0.026 0.000 -0.097  13.796 8.500 45.224
5 13.796 8.500 45.224  1.00  -0.259 0.000 -0.966  13.537 8.500 44.258
3 13.537 8.500 44.258  8.55  -2.213 0.000 -8.259  11.324 8.500 36.000
1 11.324 8.500 36.000  1.01  -0.261 0.000 -0.976  11.063 8.500 35.024
#  entering Box at 8.51
0 11.063 8.500 35.024  8.51  -2.204 0.000 -8.224  8.859 8.500 26.800
32 8.859 8.500 26.800  0.00  -0.000 0.000 -0.000  8.859 8.500 26.800
### escape
### CGp=(4.000,4.000,-1.000)     CGw=(0.000,0.000,1.000) 
0 13.571 8.000 46.320  0.90  -0.233 0.000 -0.869  13.339 8.000 45.450
0 13.339 8.000 45.450  0.00  -0.000 0.000 -0.000  13.339 8.000 45.450
1 13.339 8.000 45.450  0.10  -0.026 0.000 -0.097  13.313 8.000 45.354
5 13.313 8.000 45.354  1.00  -0.259 0.000 -0.966  13.054 8.000 44.388
3 13.054 8.000 44.388  8.55  -2.213 0.000 -8.259  10.841 8.000 36.129
3 10.841 8.000 36.129  0.00  -0.000 0.000 -0.000  10.841 8.000 36.129
1 10.841 8.000 36.129  1.01  -0.261 0.000 -0.976  10.580 8.000 35.154
#  entering Box at 8.65
0 10.580 8.000 35.154  8.65  -2.238 0.000 -8.354  8.341 8.000 26.800
32 8.341 8.000 26.800  0.00  -0.000 0.000 -0.000  8.341 8.000 26.800
### escape
### CGp=(4.500,4.500,-1.000)     CGw=(0.000,0.000,1.000) 
0 13.089 7.500 46.449  0.90  -0.233 0.000 -0.869  12.856 7.500 45.580
1 12.856 7.500 45.580  0.10  -0.026 0.000 -0.097  12.830 7.500 45.483
5 12.830 7.500 45.483  1.00  -0.259 0.000 -0.966  12.571 7.500 44.517
3 12.571 7.500 44.517  8.55  -2.213 0.000 -8.259  10.358 7.500 36.259
3 10.358 7.500 36.259  0.00  -0.000 0.000 -0.000  10.358 7.500 36.259
1 10.358 7.500 36.259  1.01  -0.261 0.000 -0.976  10.097 7.500 35.283
#  entering Box at 8.78
0 10.097 7.500 35.283  8.78  -2.273 0.000 -8.483  7.824 7.500 26.800
32 7.824 7.500 26.800  0.00  -0.000 0.000 -0.000  7.824 7.500 26.800
### escape
### CGp=(5.000,5.000,-1.000)     CGw=(0.000,0.000,1.000) 
0 12.606 7.000 46.579  0.90  -0.233 0.000 -0.869  12.373 7.000 45.709
1 12.373 7.000 45.709  0.10  -0.026 0.000 -0.097  12.347 7.000 45.613
5 12.347 7.000 45.613  1.00  -0.259 0.000 -0.966  12.088 7.000 44.647
3 12.088 7.000 44.647  8.55  -2.213 0.000 -8.259  9.875 7.000 36.388
3 9.875 7.000 36.388  0.00  -0.000 0.000 -0.000  9.875 7.000 36.388
1 9.875 7.000 36.388  1.01  -0.261 0.000 -0.976  9.614 7.000 35.412
#  entering Box at 8.92
0 9.614 7.000 35.412  8.92  -2.308 0.000 -8.612  7.306 7.000 26.800
32 7.306 7.000 26.800  0.00  -0.000 0.000 -0.000  7.306 7.000 26.800
### escape
